单品编码,单品名称,分类名称,扫码销售时间,销量(千克),销售单价(元/千克),销售类型,是否打折销售,日期,批发价格(元/千克)
102900011032022,小皱皮(份),辣椒类,10:59:24.201,1.0,2.9,销售,否,2022-01-21,2.26
102900011032022,小皱皮(份),辣椒类,15:23:40.559,1.0,2.9,销售,否,2022-01-21,2.26
102900011032022,小皱皮(份),辣椒类,11:28:30.494,1.0,2.9,销售,否,2022-01-22,2.18
102900011032022,小皱皮(份),辣椒类,11:34:05.045,1.0,2.9,销售,否,2022-01-22,2.18
102900011032022,小皱皮(份),辣椒类,15:37:28.405,1.0,2.9,销售,否,2022-01-22,2.18
102900011032022,小皱皮(份),辣椒类,15:39:08.454,1.0,2.9,销售,否,2022-01-22,2.18
102900011032022,小皱皮(份),辣椒类,16:53:12.828,1.0,2.9,销售,否,2022-01-22,2.18
102900011032022,小皱皮(份),辣椒类,18:16:20.496,1.0,2.9,销售,否,2022-01-22,2.18
102900011032022,小皱皮(份),辣椒类,18:41:54.795,1.0,2.9,销售,否,2022-01-22,2.18
102900011032022,小皱皮(份),辣椒类,18:41:56.155,1.0,2.9,销售,否,2022-01-22,2.18
102900011032022,小皱皮(份),辣椒类,09:33:34.436,1.0,2.9,销售,否,2022-01-23,2.09
102900011032022,小皱皮(份),辣椒类,10:16:48.827,1.0,2.9,销售,否,2022-01-23,2.09
102900011032022,小皱皮(份),辣椒类,11:30:32.545,1.0,2.9,销售,否,2022-01-23,2.09
102900011032022,小皱皮(份),辣椒类,11:30:34.951,1.0,2.9,销售,否,2022-01-23,2.09
102900011032022,小皱皮(份),辣椒类,11:30:40.498,1.0,2.9,销售,否,2022-01-23,2.09
102900011032022,小皱皮(份),辣椒类,11:42:51.737,1.0,2.9,销售,否,2022-01-23,2.09
102900011032022,小皱皮(份),辣椒类,12:48:16.693,1.0,2.9,销售,否,2022-01-23,2.09
102900011032022,小皱皮(份),辣椒类,14:38:48.811,1.0,2.9,销售,否,2022-01-23,2.09
102900011032022,小皱皮(份),辣椒类,19:56:23.796,1.0,2.9,销售,否,2022-01-23,2.09
102900011032022,小皱皮(份),辣椒类,10:40:19.083,1.0,2.9,销售,否,2022-01-24,2.86
102900011032022,小皱皮(份),辣椒类,13:23:59.900,1.0,2.9,销售,否,2022-01-24,2.86
102900011032022,小皱皮(份),辣椒类,14:11:59.389,1.0,2.9,销售,否,2022-01-24,2.86
102900011032022,小皱皮(份),辣椒类,17:44:04.120,1.0,2.9,销售,否,2022-01-24,2.86
102900011032022,小皱皮(份),辣椒类,18:11:15.634,1.0,2.9,销售,否,2022-01-24,2.86
102900011032022,小皱皮(份),辣椒类,18:11:15.831,1.0,2.9,销售,否,2022-01-24,2.86
102900011032022,小皱皮(份),辣椒类,18:26:03.345,1.0,2.9,销售,否,2022-01-24,2.86
102900011032022,小皱皮(份),辣椒类,13:08:42.655,1.0,2.9,销售,否,2022-01-25,2.91
102900011032022,小皱皮(份),辣椒类,16:21:39.092,1.0,2.9,销售,否,2022-01-25,2.91
102900011032022,小皱皮(份),辣椒类,18:37:33.967,1.0,2.9,销售,否,2022-01-25,2.91
102900011032022,小皱皮(份),辣椒类,10:29:25.615,1.0,2.9,销售,否,2022-01-26,2.63
102900011032022,小皱皮(份),辣椒类,12:48:07.903,1.0,2.9,销售,否,2022-01-26,2.63
102900011032022,小皱皮(份),辣椒类,18:24:05.655,1.0,2.9,销售,否,2022-01-26,2.63
102900011032022,小皱皮(份),辣椒类,19:38:39.832,1.0,2.0,销售,是,2022-01-26,2.63
102900011032022,小皱皮(份),辣椒类,20:48:43.655,1.0,2.9,销售,否,2022-01-26,2.63
102900011032022,小皱皮(份),辣椒类,21:18:02.118,1.0,2.0,销售,是,2022-01-26,2.63
102900011032022,小皱皮(份),辣椒类,10:14:01.710,1.0,6.9,销售,否,2022-01-27,3.1
102900011032022,小皱皮(份),辣椒类,10:36:10.312,1.0,6.9,销售,否,2022-01-27,3.1
102900011032022,小皱皮(份),辣椒类,15:05:52.623,1.0,6.9,销售,否,2022-01-27,3.1
102900011032022,小皱皮(份),辣椒类,15:05:55.061,1.0,6.9,销售,否,2022-01-27,3.1
102900011032022,小皱皮(份),辣椒类,16:22:03.932,1.0,6.9,销售,否,2022-01-27,3.1
102900011032022,小皱皮(份),辣椒类,16:42:17.078,1.0,6.9,销售,否,2022-01-27,3.1
102900011032022,小皱皮(份),辣椒类,16:42:19.046,1.0,6.9,销售,否,2022-01-27,3.1
102900011032022,小皱皮(份),辣椒类,16:42:20.562,1.0,6.9,销售,否,2022-01-27,3.1
102900011032022,小皱皮(份),辣椒类,16:47:13.562,1.0,6.9,销售,否,2022-01-27,3.1
102900011032022,小皱皮(份),辣椒类,16:50:40.680,1.0,6.9,销售,否,2022-01-27,3.1
102900011032022,小皱皮(份),辣椒类,17:30:56.191,1.0,6.9,销售,否,2022-01-27,3.1
102900011032022,小皱皮(份),辣椒类,17:37:22.515,1.0,6.9,销售,否,2022-01-27,3.1
102900011032022,小皱皮(份),辣椒类,18:38:44.149,1.0,6.9,销售,否,2022-01-27,3.1
102900011032022,小皱皮(份),辣椒类,18:40:13.766,1.0,6.9,销售,否,2022-01-27,3.1
102900011032022,小皱皮(份),辣椒类,19:27:23.351,1.0,6.9,销售,否,2022-01-27,3.1
102900011032022,小皱皮(份),辣椒类,20:33:11.530,-1.0,6.9,退货,否,2022-01-27,3.1
102900011032022,小皱皮(份),辣椒类,20:35:19.967,-1.0,6.9,退货,否,2022-01-27,3.1
102900011032022,小皱皮(份),辣椒类,21:12:48.265,1.0,6.9,销售,否,2022-01-27,3.1
102900011032022,小皱皮(份),辣椒类,21:12:49.343,1.0,6.9,销售,否,2022-01-27,3.1
102900011032022,小皱皮(份),辣椒类,21:12:52.125,1.0,6.9,销售,否,2022-01-27,3.1
102900011032022,小皱皮(份),辣椒类,09:53:06.224,1.0,5.9,销售,否,2022-01-28,3.1
102900011032022,小皱皮(份),辣椒类,09:53:06.414,1.0,5.9,销售,否,2022-01-28,3.1
102900011032022,小皱皮(份),辣椒类,10:06:16.217,1.0,5.9,销售,否,2022-01-28,3.1
102900011032022,小皱皮(份),辣椒类,10:33:16.649,1.0,5.9,销售,否,2022-01-28,3.1
102900011032022,小皱皮(份),辣椒类,10:51:04.846,1.0,5.9,销售,否,2022-01-28,3.1
102900011032022,小皱皮(份),辣椒类,11:23:01.014,1.0,5.9,销售,否,2022-01-28,3.1
102900011032022,小皱皮(份),辣椒类,11:23:50.405,1.0,5.9,销售,否,2022-01-28,3.1
102900011032022,小皱皮(份),辣椒类,15:35:45.060,1.0,5.9,销售,否,2022-01-28,3.1
102900011032022,小皱皮(份),辣椒类,17:26:30.816,1.0,5.9,销售,否,2022-01-28,3.1
102900011032022,小皱皮(份),辣椒类,10:49:22.248,1.0,5.9,销售,否,2022-01-29,3.27
102900011032022,小皱皮(份),辣椒类,10:49:31.420,1.0,5.9,销售,否,2022-01-29,3.27
102900011032022,小皱皮(份),辣椒类,11:55:36.693,1.0,5.9,销售,否,2022-01-29,3.27
102900011032022,小皱皮(份),辣椒类,12:19:53.045,1.0,5.9,销售,否,2022-01-29,3.27
102900011032022,小皱皮(份),辣椒类,12:20:00.436,1.0,5.9,销售,否,2022-01-29,3.27
102900011032022,小皱皮(份),辣椒类,12:20:32.748,1.0,5.9,销售,否,2022-01-29,3.27
102900011032022,小皱皮(份),辣椒类,12:34:18.701,1.0,5.9,销售,否,2022-01-29,3.27
102900011032022,小皱皮(份),辣椒类,12:40:25.795,1.0,5.9,销售,否,2022-01-29,3.27
102900011032022,小皱皮(份),辣椒类,12:40:27.451,1.0,5.9,销售,否,2022-01-29,3.27
102900011032022,小皱皮(份),辣椒类,12:40:28.748,1.0,5.9,销售,否,2022-01-29,3.27
102900011032022,小皱皮(份),辣椒类,15:52:35.545,1.0,5.9,销售,否,2022-01-29,3.27
102900011032022,小皱皮(份),辣椒类,10:51:35.664,1.0,5.9,销售,否,2022-01-30,3.25
102900011032022,小皱皮(份),辣椒类,13:58:02.490,1.0,5.9,销售,否,2022-01-30,3.25
102900011032022,小皱皮(份),辣椒类,13:58:03.492,1.0,5.9,销售,否,2022-01-30,3.25
102900011032022,小皱皮(份),辣椒类,16:31:43.925,1.0,5.9,销售,否,2022-01-30,3.25
102900011032022,小皱皮(份),辣椒类,18:36:08.943,1.0,5.9,销售,否,2022-01-30,3.25
102900011032022,小皱皮(份),辣椒类,19:33:56.737,1.0,5.9,销售,否,2022-01-30,3.25
102900011032022,小皱皮(份),辣椒类,21:53:00.858,1.0,5.9,销售,否,2022-01-30,3.25
102900011032022,小皱皮(份),辣椒类,09:45:02.129,1.0,5.9,销售,否,2022-02-04,3.64
102900011032022,小皱皮(份),辣椒类,11:30:55.163,1.0,5.9,销售,否,2022-02-04,3.64
102900011032022,小皱皮(份),辣椒类,12:54:58.167,1.0,5.9,销售,否,2022-02-04,3.64
102900011032022,小皱皮(份),辣椒类,14:37:04.169,1.0,5.9,销售,否,2022-02-04,3.64
102900011032022,小皱皮(份),辣椒类,14:37:04.355,1.0,5.9,销售,否,2022-02-04,3.64
102900011032022,小皱皮(份),辣椒类,14:37:04.546,1.0,5.9,销售,否,2022-02-04,3.64
102900011032022,小皱皮(份),辣椒类,14:42:21.836,1.0,5.9,销售,否,2022-02-04,3.64
102900011032022,小皱皮(份),辣椒类,14:42:22.032,1.0,5.9,销售,否,2022-02-04,3.64
102900011032022,小皱皮(份),辣椒类,10:19:26.667,1.0,5.9,销售,否,2022-02-05,3.54
102900011032022,小皱皮(份),辣椒类,10:35:24.976,1.0,5.9,销售,否,2022-02-05,3.54
102900011032022,小皱皮(份),辣椒类,10:54:43.249,1.0,5.9,销售,否,2022-02-05,3.54
102900011032022,小皱皮(份),辣椒类,11:17:20.420,1.0,5.9,销售,否,2022-02-05,3.54
102900011032022,小皱皮(份),辣椒类,11:17:22.998,1.0,5.9,销售,否,2022-02-05,3.54
102900011032022,小皱皮(份),辣椒类,15:47:23.197,1.0,5.9,销售,否,2022-02-05,3.54
102900011032022,小皱皮(份),辣椒类,10:17:51.768,1.0,5.9,销售,否,2022-02-06,3.59
102900011032022,小皱皮(份),辣椒类,11:31:02.525,1.0,5.9,销售,否,2022-02-06,3.59
102900011032022,小皱皮(份),辣椒类,11:51:00.530,1.0,5.9,销售,否,2022-02-06,3.59
102900011032022,小皱皮(份),辣椒类,13:47:06.436,1.0,5.9,销售,否,2022-02-06,3.59
102900011032022,小皱皮(份),辣椒类,14:23:02.498,1.0,5.9,销售,否,2022-02-06,3.59
102900011032022,小皱皮(份),辣椒类,15:24:07.624,1.0,5.9,销售,否,2022-02-06,3.59
102900011032022,小皱皮(份),辣椒类,16:23:21.733,1.0,5.9,销售,否,2022-02-06,3.59
102900011032022,小皱皮(份),辣椒类,16:23:27.811,1.0,5.9,销售,否,2022-02-06,3.59
102900011032022,小皱皮(份),辣椒类,16:55:42.873,1.0,5.9,销售,否,2022-02-06,3.59
102900011032022,小皱皮(份),辣椒类,18:18:04.572,1.0,5.9,销售,否,2022-02-06,3.59
102900011032022,小皱皮(份),辣椒类,18:30:18.201,1.0,5.9,销售,否,2022-02-06,3.59
102900011032022,小皱皮(份),辣椒类,18:30:20.983,1.0,5.9,销售,否,2022-02-06,3.59
102900011032022,小皱皮(份),辣椒类,10:03:22.375,1.0,4.9,销售,否,2022-02-07,3.52
102900011032022,小皱皮(份),辣椒类,10:39:28.358,1.0,4.9,销售,否,2022-02-07,3.52
102900011032022,小皱皮(份),辣椒类,11:45:45.555,1.0,4.9,销售,否,2022-02-07,3.52
102900011032022,小皱皮(份),辣椒类,12:50:00.108,1.0,4.9,销售,否,2022-02-07,3.52
102900011032022,小皱皮(份),辣椒类,12:50:30.545,1.0,4.9,销售,否,2022-02-07,3.52
102900011032022,小皱皮(份),辣椒类,15:22:34.592,1.0,4.9,销售,否,2022-02-07,3.52
102900011032022,小皱皮(份),辣椒类,16:09:13.209,1.0,4.9,销售,否,2022-02-07,3.52
102900011032022,小皱皮(份),辣椒类,19:25:42.708,1.0,4.9,销售,否,2022-02-07,3.52
102900011032022,小皱皮(份),辣椒类,21:38:44.670,1.0,4.9,销售,否,2022-02-07,3.52
102900011032022,小皱皮(份),辣椒类,10:34:02.483,1.0,4.9,销售,否,2022-02-08,3.48
102900011032022,小皱皮(份),辣椒类,10:34:04.155,1.0,4.9,销售,否,2022-02-08,3.48
102900011032022,小皱皮(份),辣椒类,15:45:47.356,1.0,4.9,销售,否,2022-02-08,3.48
102900011032022,小皱皮(份),辣椒类,16:21:09.416,1.0,4.9,销售,否,2022-02-08,3.48
102900011032022,小皱皮(份),辣椒类,17:16:17.226,1.0,4.9,销售,否,2022-02-08,3.48
102900011032022,小皱皮(份),辣椒类,18:05:50.406,1.0,4.9,销售,否,2022-02-08,3.48
102900011032022,小皱皮(份),辣椒类,19:04:16.770,1.0,4.9,销售,否,2022-02-08,3.48
102900011032022,小皱皮(份),辣椒类,19:15:59.707,1.0,4.9,销售,否,2022-02-08,3.48
102900011032022,小皱皮(份),辣椒类,19:58:24.692,1.0,4.9,销售,否,2022-02-08,3.48
102900011032022,小皱皮(份),辣椒类,20:17:04.576,1.0,4.9,销售,否,2022-02-08,3.48
102900011032022,小皱皮(份),辣椒类,21:27:09.545,1.0,4.9,销售,否,2022-02-08,3.48
102900011032022,小皱皮(份),辣椒类,12:01:06.137,1.0,4.9,销售,否,2022-02-09,3.48
102900011032022,小皱皮(份),辣椒类,15:41:57.436,1.0,4.9,销售,否,2022-02-09,3.48
102900011032022,小皱皮(份),辣椒类,15:43:00.920,1.0,4.9,销售,否,2022-02-09,3.48
102900011032022,小皱皮(份),辣椒类,17:40:08.658,1.0,4.9,销售,否,2022-02-09,3.48
102900011032022,小皱皮(份),辣椒类,19:03:01.639,1.0,4.9,销售,否,2022-02-09,3.48
102900011032022,小皱皮(份),辣椒类,12:00:25.706,1.0,4.9,销售,否,2022-02-10,3.6
102900011032022,小皱皮(份),辣椒类,12:24:15.623,1.0,4.9,销售,否,2022-02-10,3.6
102900011032022,小皱皮(份),辣椒类,12:30:33.588,1.0,4.9,销售,否,2022-02-10,3.6
102900011032022,小皱皮(份),辣椒类,13:12:22.701,1.0,4.9,销售,否,2022-02-10,3.6
102900011032022,小皱皮(份),辣椒类,18:13:34.795,1.0,4.9,销售,否,2022-02-10,3.6
102900011032022,小皱皮(份),辣椒类,18:31:40.951,1.0,4.9,销售,否,2022-02-10,3.6
102900011032022,小皱皮(份),辣椒类,19:24:20.761,1.0,2.9,销售,是,2022-02-10,3.6
102900011032022,小皱皮(份),辣椒类,20:32:32.639,1.0,4.9,销售,否,2022-02-10,3.6
102900011032022,小皱皮(份),辣椒类,21:01:06.325,1.0,4.9,销售,否,2022-02-10,3.6
102900011032022,小皱皮(份),辣椒类,21:16:38.277,1.0,2.9,销售,是,2022-02-10,3.6
102900011032022,小皱皮(份),辣椒类,21:25:46.042,1.0,2.9,销售,是,2022-02-10,3.6
102900011032022,小皱皮(份),辣椒类,10:25:54.529,1.0,4.9,销售,否,2022-02-11,3.64
102900011032022,小皱皮(份),辣椒类,11:41:35.389,1.0,4.9,销售,否,2022-02-11,3.64
102900011032022,小皱皮(份),辣椒类,12:37:49.184,1.0,4.9,销售,否,2022-02-11,3.64
102900011032022,小皱皮(份),辣椒类,14:27:06.248,1.0,2.9,销售,是,2022-02-11,3.64
102900011032022,小皱皮(份),辣椒类,15:14:35.983,1.0,2.9,销售,是,2022-02-11,3.64
102900011032022,小皱皮(份),辣椒类,17:57:51.219,1.0,2.9,销售,是,2022-02-11,3.64
102900011032022,小皱皮(份),辣椒类,18:22:11.381,1.0,4.9,销售,否,2022-02-11,3.64
102900011032022,小皱皮(份),辣椒类,20:08:45.670,1.0,2.9,销售,是,2022-02-11,3.64
102900011032022,小皱皮(份),辣椒类,09:35:43.118,1.0,4.9,销售,否,2022-02-12,3.64
102900011032022,小皱皮(份),辣椒类,09:35:43.305,1.0,4.9,销售,否,2022-02-12,3.64
102900011032022,小皱皮(份),辣椒类,09:35:43.494,1.0,4.9,销售,否,2022-02-12,3.64
102900011032022,小皱皮(份),辣椒类,10:02:13.311,1.0,4.9,销售,否,2022-02-12,3.64
102900011032022,小皱皮(份),辣椒类,10:04:45.355,1.0,4.9,销售,否,2022-02-12,3.64
102900011032022,小皱皮(份),辣椒类,10:17:17.297,1.0,4.9,销售,否,2022-02-12,3.64
102900011032022,小皱皮(份),辣椒类,10:17:17.490,1.0,4.9,销售,否,2022-02-12,3.64
102900011032022,小皱皮(份),辣椒类,12:18:35.498,1.0,4.9,销售,否,2022-02-12,3.64
102900011032022,小皱皮(份),辣椒类,14:11:45.905,1.0,4.9,销售,否,2022-02-12,3.64
102900011032022,小皱皮(份),辣椒类,14:11:53.592,1.0,4.9,销售,否,2022-02-12,3.64
102900011032022,小皱皮(份),辣椒类,19:51:24.696,1.0,4.9,销售,否,2022-02-12,3.64
102900011032022,小皱皮(份),辣椒类,20:25:10.014,1.0,4.9,销售,否,2022-02-12,3.64
102900011032022,小皱皮(份),辣椒类,15:12:32.795,1.0,4.9,销售,否,2022-02-13,3.64
102900011032022,小皱皮(份),辣椒类,15:12:56.311,1.0,4.9,销售,否,2022-02-13,3.64
102900011032022,小皱皮(份),辣椒类,12:01:48.094,1.0,4.9,销售,否,2022-02-15,3.64
102900011032022,小皱皮(份),辣椒类,17:16:51.420,1.0,4.9,销售,否,2022-02-15,3.64
102900011032022,小皱皮(份),辣椒类,17:23:41.389,1.0,4.9,销售,否,2022-02-15,3.64
102900011032022,小皱皮(份),辣椒类,17:55:39.842,1.0,4.9,销售,否,2022-02-15,3.64
102900011032022,小皱皮(份),辣椒类,18:04:43.998,1.0,4.9,销售,否,2022-02-15,3.64
102900011032022,小皱皮(份),辣椒类,12:38:08.608,1.0,4.9,销售,否,2022-02-16,3.64
102900011032022,小皱皮(份),辣椒类,17:28:38.545,1.0,4.9,销售,否,2022-02-16,3.64
102900011032022,小皱皮(份),辣椒类,17:46:09.108,1.0,4.9,销售,否,2022-02-16,3.64
102900011032022,小皱皮(份),辣椒类,17:46:22.420,1.0,4.9,销售,否,2022-02-16,3.64
102900011032022,小皱皮(份),辣椒类,17:46:24.092,1.0,4.9,销售,否,2022-02-16,3.64
102900011032022,小皱皮(份),辣椒类,20:41:36.910,1.0,2.9,销售,是,2022-02-16,3.64
102900011032022,小皱皮(份),辣椒类,21:34:06.195,1.0,4.9,销售,否,2022-02-16,3.64
102900011032022,小皱皮(份),辣椒类,10:09:09.209,1.0,2.9,销售,否,2022-02-17,3.64
102900011032022,小皱皮(份),辣椒类,12:37:51.540,1.0,1.7,销售,是,2022-02-17,3.64
102900011032022,小皱皮(份),辣椒类,15:25:37.290,1.0,2.9,销售,否,2022-02-17,3.64
102900011032022,小皱皮(份),辣椒类,16:40:53.280,1.0,2.9,销售,否,2022-02-17,3.64
102900011032022,小皱皮(份),辣椒类,16:42:48.108,1.0,2.9,销售,否,2022-02-17,3.64
102900011032022,小皱皮(份),辣椒类,17:27:00.954,1.0,2.9,销售,否,2022-02-17,3.64
102900011032022,小皱皮(份),辣椒类,17:54:22.764,1.0,2.9,销售,否,2022-02-17,3.64
102900011032022,小皱皮(份),辣椒类,18:08:52.904,1.0,2.9,销售,否,2022-02-17,3.64
102900011032022,小皱皮(份),辣椒类,18:08:53.086,1.0,2.9,销售,否,2022-02-17,3.64
102900011032022,小皱皮(份),辣椒类,19:49:08.783,1.0,2.9,销售,否,2022-02-17,3.64
102900011032022,小皱皮(份),辣椒类,20:45:57.751,1.0,2.9,销售,否,2022-02-17,3.64
102900011032022,小皱皮(份),辣椒类,16:41:48.129,1.0,2.9,销售,否,2022-02-18,3.64
102900011032022,小皱皮(份),辣椒类,19:38:16.092,1.0,2.9,销售,否,2022-02-18,3.64
102900011032022,小皱皮(份),辣椒类,19:47:09.346,1.0,2.0,销售,是,2022-02-18,3.64
102900011032022,小皱皮(份),辣椒类,21:32:46.092,1.0,1.5,销售,是,2022-02-18,3.64
102900011032022,小皱皮(份),辣椒类,10:58:31.576,1.0,3.5,销售,否,2022-02-19,3.64
102900011032022,小皱皮(份),辣椒类,10:59:53.373,1.0,3.5,销售,否,2022-02-19,3.64
102900011032022,小皱皮(份),辣椒类,12:26:02.876,1.0,3.5,销售,否,2022-02-19,3.64
102900011032022,小皱皮(份),辣椒类,16:38:32.014,1.0,3.5,销售,否,2022-02-19,3.64
102900011032022,小皱皮(份),辣椒类,17:28:45.975,1.0,3.5,销售,否,2022-02-19,3.64
102900011032022,小皱皮(份),辣椒类,20:22:02.967,1.0,3.5,销售,否,2022-02-19,3.64
102900011032022,小皱皮(份),辣椒类,10:02:11.668,1.0,3.5,销售,否,2022-02-20,3.64
102900011032022,小皱皮(份),辣椒类,10:02:11.842,1.0,3.5,销售,否,2022-02-20,3.64
102900011032022,小皱皮(份),辣椒类,10:02:12.016,1.0,3.5,销售,否,2022-02-20,3.64
102900011032022,小皱皮(份),辣椒类,10:02:13.359,1.0,3.5,销售,否,2022-02-20,3.64
102900011032022,小皱皮(份),辣椒类,11:11:37.314,1.0,3.5,销售,否,2022-02-20,3.64
102900011032022,小皱皮(份),辣椒类,13:28:10.451,1.0,3.5,销售,否,2022-02-20,3.64
102900011032022,小皱皮(份),辣椒类,15:30:59.701,1.0,1.8,销售,是,2022-02-20,3.64
102900011032022,小皱皮(份),辣椒类,18:16:11.355,1.0,3.5,销售,否,2022-02-20,3.64
102900011032022,小皱皮(份),辣椒类,18:36:10.483,1.0,2.5,销售,是,2022-02-20,3.64
102900011032022,小皱皮(份),辣椒类,13:46:47.269,1.0,3.5,销售,否,2022-02-21,3.64
102900011032022,小皱皮(份),辣椒类,14:38:37.131,1.0,3.5,销售,否,2022-02-21,3.64
102900011032022,小皱皮(份),辣椒类,15:47:18.998,1.0,3.5,销售,否,2022-02-21,3.64
102900011032022,小皱皮(份),辣椒类,19:04:31.264,1.0,3.5,销售,否,2022-02-21,3.64
102900011032022,小皱皮(份),辣椒类,19:47:03.639,1.0,3.5,销售,否,2022-02-21,3.64
102900011032022,小皱皮(份),辣椒类,09:24:52.191,1.0,3.5,销售,否,2022-02-22,3.64
102900011032022,小皱皮(份),辣椒类,15:34:28.564,1.0,3.5,销售,否,2022-02-22,3.64
102900011032022,小皱皮(份),辣椒类,17:30:54.565,1.0,3.5,销售,否,2022-02-22,3.64
102900011032022,小皱皮(份),辣椒类,17:38:09.146,1.0,3.5,销售,否,2022-02-22,3.64
102900011032022,小皱皮(份),辣椒类,18:24:05.546,1.0,3.5,销售,否,2022-02-22,3.64
102900011032022,小皱皮(份),辣椒类,20:37:57.494,1.0,2.5,销售,是,2022-02-22,3.64
102900011032022,小皱皮(份),辣椒类,21:06:34.709,1.0,2.5,销售,是,2022-02-22,3.64
102900011032022,小皱皮(份),辣椒类,21:21:01.557,1.0,3.5,销售,否,2022-02-22,3.64
102900011032022,小皱皮(份),辣椒类,21:23:53.155,1.0,2.5,销售,是,2022-02-22,3.64
102900011032022,小皱皮(份),辣椒类,09:53:08.076,1.0,3.5,销售,否,2022-02-23,3.64
102900011032022,小皱皮(份),辣椒类,14:33:07.373,1.0,3.5,销售,否,2022-02-23,3.64
102900011032022,小皱皮(份),辣椒类,15:54:40.139,1.0,3.5,销售,否,2022-02-23,3.64
102900011032022,小皱皮(份),辣椒类,18:09:09.858,1.0,2.5,销售,是,2022-02-23,3.64
102900011032022,小皱皮(份),辣椒类,18:09:11.592,1.0,2.5,销售,是,2022-02-23,3.64
102900011032022,小皱皮(份),辣椒类,18:20:10.309,1.0,3.5,销售,否,2022-02-23,3.64
102900011032022,小皱皮(份),辣椒类,20:58:37.103,1.0,2.5,销售,是,2022-02-23,3.64
102900011032022,小皱皮(份),辣椒类,16:07:43.895,1.0,3.5,销售,否,2022-02-24,3.64
102900011032022,小皱皮(份),辣椒类,17:52:32.405,1.0,3.5,销售,否,2022-02-24,3.64
102900011032022,小皱皮(份),辣椒类,17:52:44.889,1.0,3.5,销售,否,2022-02-24,3.64
102900011032022,小皱皮(份),辣椒类,18:58:28.582,1.0,2.5,销售,是,2022-02-24,3.64
102900011032022,小皱皮(份),辣椒类,19:02:37.076,1.0,2.5,销售,是,2022-02-24,3.64
102900011032022,小皱皮(份),辣椒类,19:29:06.022,1.0,2.5,销售,是,2022-02-24,3.64
102900011032022,小皱皮(份),辣椒类,19:43:09.013,1.0,2.5,销售,是,2022-02-24,3.64
102900011032022,小皱皮(份),辣椒类,20:41:31.931,1.0,2.5,销售,是,2022-02-24,3.64
102900011032022,小皱皮(份),辣椒类,11:15:16.357,1.0,2.5,销售,是,2022-02-25,2.63
102900011032022,小皱皮(份),辣椒类,11:30:58.989,1.0,3.5,销售,否,2022-02-25,2.63
102900011032022,小皱皮(份),辣椒类,14:57:28.269,1.0,2.5,销售,是,2022-02-25,2.63
102900011032022,小皱皮(份),辣椒类,16:14:31.278,1.0,3.5,销售,否,2022-02-25,2.63
102900011032022,小皱皮(份),辣椒类,16:18:57.405,1.0,3.5,销售,否,2022-02-25,2.63
102900011032022,小皱皮(份),辣椒类,16:42:06.976,1.0,3.5,销售,否,2022-02-25,2.63
102900011032022,小皱皮(份),辣椒类,17:02:48.114,1.0,2.5,销售,是,2022-02-25,2.63
102900011032022,小皱皮(份),辣椒类,18:21:53.733,1.0,3.5,销售,否,2022-02-25,2.63
102900011032022,小皱皮(份),辣椒类,18:22:43.764,1.0,3.5,销售,否,2022-02-25,2.63
102900011032022,小皱皮(份),辣椒类,14:09:27.581,1.0,3.5,销售,否,2022-02-26,3.64
102900011032022,小皱皮(份),辣椒类,18:00:05.476,1.0,3.5,销售,否,2022-02-26,3.64
102900011032022,小皱皮(份),辣椒类,18:39:20.842,1.0,3.5,销售,否,2022-02-26,3.64
102900011032022,小皱皮(份),辣椒类,18:39:53.795,1.0,3.5,销售,否,2022-02-26,3.64
102900011032022,小皱皮(份),辣椒类,09:45:06.389,1.0,3.5,销售,否,2022-02-27,3.64
102900011032022,小皱皮(份),辣椒类,11:02:36.941,1.0,3.5,销售,否,2022-02-27,3.64
102900011032022,小皱皮(份),辣椒类,11:24:43.967,1.0,3.5,销售,否,2022-02-28,2.45
102900011032022,小皱皮(份),辣椒类,11:24:46.498,1.0,3.5,销售,否,2022-02-28,2.45
102900011032022,小皱皮(份),辣椒类,17:41:48.670,1.0,3.5,销售,否,2022-02-28,2.45
102900011032022,小皱皮(份),辣椒类,18:25:28.858,1.0,3.5,销售,否,2022-02-28,2.45
102900011032022,小皱皮(份),辣椒类,20:51:23.212,1.0,2.5,销售,是,2022-02-28,2.45
102900011032022,小皱皮(份),辣椒类,12:11:24.670,1.0,3.9,销售,否,2022-03-01,2.21
102900011032022,小皱皮(份),辣椒类,16:18:22.967,1.0,3.9,销售,否,2022-03-01,2.21
102900011032022,小皱皮(份),辣椒类,18:02:35.174,1.0,3.9,销售,否,2022-03-01,2.21
102900011032022,小皱皮(份),辣椒类,20:03:02.942,1.0,3.9,销售,否,2022-03-01,2.21
102900011032022,小皱皮(份),辣椒类,20:51:51.340,1.0,3.9,销售,否,2022-03-01,2.21
102900011032022,小皱皮(份),辣椒类,10:30:09.891,1.0,3.9,销售,否,2022-03-02,2.59
102900011032022,小皱皮(份),辣椒类,17:40:07.576,1.0,3.9,销售,否,2022-03-02,2.59
102900011032022,小皱皮(份),辣椒类,20:17:14.492,1.0,2.7,销售,是,2022-03-02,2.59
102900011032022,小皱皮(份),辣椒类,20:56:09.038,1.0,2.7,销售,是,2022-03-02,2.59
102900011032022,小皱皮(份),辣椒类,14:00:39.204,1.0,4.9,销售,否,2022-03-03,3.64
102900011032022,小皱皮(份),辣椒类,17:48:20.356,1.0,3.4,销售,是,2022-03-03,3.64
102900011032022,小皱皮(份),辣椒类,20:04:55.280,1.0,3.4,销售,是,2022-03-03,3.64
102900011032022,小皱皮(份),辣椒类,10:06:29.815,1.0,4.9,销售,否,2022-03-04,3.64
102900011032022,小皱皮(份),辣椒类,10:16:36.097,1.0,4.9,销售,否,2022-03-04,3.64
102900011032022,小皱皮(份),辣椒类,13:57:54.232,1.0,4.9,销售,否,2022-03-04,3.64
102900011032022,小皱皮(份),辣椒类,16:34:23.639,1.0,4.9,销售,否,2022-03-04,3.64
102900011032022,小皱皮(份),辣椒类,16:47:25.233,1.0,4.9,销售,否,2022-03-04,3.64
102900011032022,小皱皮(份),辣椒类,18:02:39.582,1.0,4.9,销售,否,2022-03-04,3.64
102900011032022,小皱皮(份),辣椒类,18:47:21.174,1.0,4.9,销售,否,2022-03-04,3.64
102900011032022,小皱皮(份),辣椒类,10:13:50.264,1.0,4.9,销售,否,2022-03-05,3.69
102900011032022,小皱皮(份),辣椒类,12:12:58.400,1.0,4.9,销售,否,2022-03-05,3.69
102900011032022,小皱皮(份),辣椒类,15:53:01.441,1.0,4.9,销售,否,2022-03-05,3.69
102900011032022,小皱皮(份),辣椒类,15:58:08.889,1.0,4.9,销售,否,2022-03-05,3.69
102900011032022,小皱皮(份),辣椒类,16:16:17.005,1.0,4.9,销售,否,2022-03-05,3.69
102900011032022,小皱皮(份),辣椒类,18:21:56.673,1.0,4.9,销售,否,2022-03-05,3.69
102900011032022,小皱皮(份),辣椒类,18:49:15.108,1.0,3.4,销售,是,2022-03-05,3.69
102900011032022,小皱皮(份),辣椒类,20:43:23.592,1.0,3.4,销售,是,2022-03-05,3.69
102900011032022,小皱皮(份),辣椒类,10:15:19.159,1.0,4.9,销售,否,2022-03-06,3.72
102900011032022,小皱皮(份),辣椒类,10:45:41.420,1.0,3.4,销售,是,2022-03-06,3.72
102900011032022,小皱皮(份),辣椒类,11:05:42.467,1.0,4.9,销售,否,2022-03-06,3.72
102900011032022,小皱皮(份),辣椒类,11:08:28.701,1.0,4.9,销售,否,2022-03-06,3.72
102900011032022,小皱皮(份),辣椒类,19:00:22.723,1.0,4.9,销售,否,2022-03-06,3.72
102900011032022,小皱皮(份),辣椒类,20:06:27.009,1.0,4.9,销售,否,2022-03-06,3.72
102900011032022,小皱皮(份),辣椒类,09:45:31.530,1.0,4.9,销售,否,2022-03-07,3.59
102900011032022,小皱皮(份),辣椒类,10:24:19.076,1.0,4.9,销售,否,2022-03-07,3.59
102900011032022,小皱皮(份),辣椒类,11:04:42.998,1.0,4.9,销售,否,2022-03-07,3.59
102900011032022,小皱皮(份),辣椒类,11:04:44.889,1.0,4.9,销售,否,2022-03-07,3.59
102900011032022,小皱皮(份),辣椒类,12:58:43.155,1.0,4.9,销售,否,2022-03-07,3.59
102900011032022,小皱皮(份),辣椒类,18:14:16.931,1.0,4.9,销售,否,2022-03-07,3.59
102900011032022,小皱皮(份),辣椒类,14:34:45.054,1.0,5.9,销售,否,2022-03-08,3.6
102900011032022,小皱皮(份),辣椒类,16:04:30.014,1.0,5.9,销售,否,2022-03-08,3.6
102900011032022,小皱皮(份),辣椒类,16:15:50.998,1.0,5.9,销售,否,2022-03-08,3.6
102900011032022,小皱皮(份),辣椒类,16:59:07.504,1.0,5.9,销售,否,2022-03-08,3.6
102900011032022,小皱皮(份),辣椒类,18:54:00.470,1.0,5.9,销售,否,2022-03-08,3.6
102900011032022,小皱皮(份),辣椒类,10:29:09.273,1.0,5.9,销售,否,2022-03-09,3.63
102900011032022,小皱皮(份),辣椒类,16:56:29.811,1.0,5.9,销售,否,2022-03-09,3.63
102900011032022,小皱皮(份),辣椒类,16:56:31.436,1.0,5.9,销售,否,2022-03-09,3.63
102900011032022,小皱皮(份),辣椒类,10:46:26.498,1.0,5.9,销售,否,2022-03-10,3.71
102900011032022,小皱皮(份),辣椒类,11:16:54.859,1.0,5.9,销售,否,2022-03-10,3.71
102900011032022,小皱皮(份),辣椒类,17:55:02.859,1.0,4.1,销售,是,2022-03-10,3.71
102900011032022,小皱皮(份),辣椒类,17:55:02.960,1.0,4.1,销售,是,2022-03-10,3.71
102900011032022,小皱皮(份),辣椒类,18:04:41.983,1.0,3.0,销售,是,2022-03-10,3.71
102900011032022,小皱皮(份),辣椒类,18:05:50.225,1.0,5.9,销售,否,2022-03-10,3.71
102900011032022,小皱皮(份),辣椒类,09:28:10.735,1.0,5.9,销售,否,2022-03-11,3.84
102900011032022,小皱皮(份),辣椒类,11:59:29.443,1.0,5.9,销售,否,2022-03-11,3.84
102900011032022,小皱皮(份),辣椒类,19:33:17.217,1.0,5.9,销售,否,2022-03-11,3.84
102900011032022,小皱皮(份),辣椒类,19:33:20.420,1.0,5.9,销售,否,2022-03-11,3.84
102900011032022,小皱皮(份),辣椒类,20:03:51.670,1.0,4.7,销售,是,2022-03-11,3.84
102900011032022,小皱皮(份),辣椒类,09:57:48.764,1.0,5.9,销售,否,2022-03-12,3.69
102900011032022,小皱皮(份),辣椒类,13:19:23.686,1.0,5.9,销售,否,2022-03-12,3.69
102900011032022,小皱皮(份),辣椒类,13:45:27.840,1.0,5.9,销售,否,2022-03-12,3.69
102900011032022,小皱皮(份),辣椒类,16:25:01.219,1.0,5.9,销售,否,2022-03-12,3.69
102900011032022,小皱皮(份),辣椒类,18:21:37.719,1.0,5.9,销售,否,2022-03-12,3.69
102900011032022,小皱皮(份),辣椒类,18:28:36.966,1.0,5.9,销售,否,2022-03-12,3.69
102900011032022,小皱皮(份),辣椒类,18:43:51.108,1.0,5.9,销售,否,2022-03-12,3.69
102900011032022,小皱皮(份),辣椒类,20:24:56.436,1.0,5.9,销售,否,2022-03-12,3.69
102900011032022,小皱皮(份),辣椒类,10:00:34.909,1.0,5.9,销售,否,2022-03-13,3.6
102900011032022,小皱皮(份),辣椒类,12:12:17.608,1.0,5.9,销售,否,2022-03-13,3.6
102900011032022,小皱皮(份),辣椒类,12:12:20.045,1.0,5.9,销售,否,2022-03-13,3.6
102900011032022,小皱皮(份),辣椒类,12:13:26.139,1.0,5.9,销售,否,2022-03-13,3.6
102900011032022,小皱皮(份),辣椒类,13:34:50.514,1.0,5.9,销售,否,2022-03-13,3.6
102900011032022,小皱皮(份),辣椒类,14:34:44.514,1.0,5.9,销售,否,2022-03-13,3.6
102900011032022,小皱皮(份),辣椒类,17:43:53.842,1.0,5.9,销售,否,2022-03-13,3.6
102900011032022,小皱皮(份),辣椒类,18:04:02.436,1.0,5.9,销售,否,2022-03-13,3.6
102900011032022,小皱皮(份),辣椒类,20:11:18.820,1.0,5.9,销售,否,2022-03-13,3.6
102900011032022,小皱皮(份),辣椒类,20:11:18.982,1.0,5.9,销售,否,2022-03-13,3.6
102900011032022,小皱皮(份),辣椒类,15:26:49.030,1.0,5.9,销售,否,2022-03-14,3.8
102900011032022,小皱皮(份),辣椒类,15:54:02.154,1.0,5.9,销售,否,2022-03-14,3.8
102900011032022,小皱皮(份),辣椒类,18:51:03.498,1.0,5.9,销售,否,2022-03-14,3.8
102900011032022,小皱皮(份),辣椒类,19:01:35.733,1.0,5.9,销售,否,2022-03-14,3.8
102900011032022,小皱皮(份),辣椒类,20:29:04.248,1.0,5.9,销售,否,2022-03-14,3.8
102900011032022,小皱皮(份),辣椒类,20:52:19.464,1.0,5.9,销售,否,2022-03-14,3.8
102900011032022,小皱皮(份),辣椒类,14:47:24.494,1.0,5.9,销售,否,2022-03-15,3.91
102900011032022,小皱皮(份),辣椒类,17:04:04.559,1.0,5.9,销售,否,2022-03-15,3.91
102900011032022,小皱皮(份),辣椒类,17:18:27.139,1.0,5.9,销售,否,2022-03-15,3.91
102900011032022,小皱皮(份),辣椒类,18:45:32.076,1.0,5.9,销售,否,2022-03-15,3.91
102900011032022,小皱皮(份),辣椒类,09:23:31.623,1.0,5.9,销售,否,2022-03-16,3.87
102900011032022,小皱皮(份),辣椒类,10:54:59.792,1.0,5.9,销售,否,2022-03-16,3.87
102900011032022,小皱皮(份),辣椒类,12:08:34.623,1.0,5.9,销售,否,2022-03-16,3.87
102900011032022,小皱皮(份),辣椒类,15:25:04.414,1.0,5.9,销售,否,2022-03-16,3.87
102900011032022,小皱皮(份),辣椒类,15:26:59.126,1.0,5.9,销售,否,2022-03-16,3.87
102900011032022,小皱皮(份),辣椒类,10:06:46.592,1.0,5.9,销售,否,2022-03-17,3.85
102900011032022,小皱皮(份),辣椒类,10:06:48.311,1.0,5.9,销售,否,2022-03-17,3.85
102900011032022,小皱皮(份),辣椒类,11:34:13.185,1.0,5.9,销售,否,2022-03-17,3.85
102900011032022,小皱皮(份),辣椒类,11:51:37.872,1.0,5.9,销售,否,2022-03-17,3.85
102900011032022,小皱皮(份),辣椒类,12:26:57.967,1.0,5.9,销售,否,2022-03-17,3.85
102900011032022,小皱皮(份),辣椒类,12:46:18.014,1.0,3.5,销售,是,2022-03-17,3.85
102900011032022,小皱皮(份),辣椒类,13:10:33.951,1.0,5.9,销售,否,2022-03-17,3.85
102900011032022,小皱皮(份),辣椒类,16:07:44.171,1.0,5.9,销售,否,2022-03-17,3.85
102900011032022,小皱皮(份),辣椒类,16:27:01.342,1.0,5.9,销售,否,2022-03-17,3.85
102900011032022,小皱皮(份),辣椒类,13:07:29.295,1.0,5.9,销售,否,2022-03-18,3.84
102900011032022,小皱皮(份),辣椒类,13:41:10.844,1.0,5.9,销售,否,2022-03-18,3.84
102900011032022,小皱皮(份),辣椒类,17:26:40.255,1.0,5.9,销售,否,2022-03-18,3.84
102900011032022,小皱皮(份),辣椒类,19:47:07.806,1.0,5.9,销售,否,2022-03-18,3.84
102900011032022,小皱皮(份),辣椒类,12:21:17.354,1.0,5.9,销售,否,2022-03-19,5.18
102900011032022,小皱皮(份),辣椒类,15:59:44.373,1.0,5.9,销售,否,2022-03-19,5.18
102900011032022,小皱皮(份),辣椒类,16:47:14.731,1.0,5.9,销售,否,2022-03-19,5.18
102900011032022,小皱皮(份),辣椒类,17:02:21.937,1.0,5.9,销售,否,2022-03-19,5.18
102900011032022,小皱皮(份),辣椒类,17:06:44.598,1.0,5.9,销售,否,2022-03-19,5.18
102900011032022,小皱皮(份),辣椒类,17:24:09.655,1.0,5.9,销售,否,2022-03-19,5.18
102900011032022,小皱皮(份),辣椒类,17:24:25.233,1.0,5.9,销售,否,2022-03-19,5.18
102900011032022,小皱皮(份),辣椒类,19:47:21.670,1.0,5.9,销售,否,2022-03-19,5.18
102900011032022,小皱皮(份),辣椒类,14:41:26.391,1.0,5.9,销售,否,2022-03-20,3.84
102900011032022,小皱皮(份),辣椒类,15:32:46.326,1.0,5.9,销售,否,2022-03-20,3.84
102900011032022,小皱皮(份),辣椒类,17:07:06.280,1.0,5.9,销售,否,2022-03-21,3.9
102900011032022,小皱皮(份),辣椒类,17:56:07.920,1.0,5.9,销售,否,2022-03-21,3.9
102900011032022,小皱皮(份),辣椒类,17:56:12.389,1.0,5.9,销售,否,2022-03-21,3.9
102900011032022,小皱皮(份),辣椒类,17:56:14.905,1.0,5.9,销售,否,2022-03-21,3.9
102900011032022,小皱皮(份),辣椒类,18:07:37.483,1.0,5.9,销售,否,2022-03-21,3.9
102900011032022,小皱皮(份),辣椒类,18:08:13.295,1.0,5.9,销售,否,2022-03-21,3.9
102900011032022,小皱皮(份),辣椒类,09:42:39.342,1.0,5.9,销售,否,2022-03-22,3.89
102900011032022,小皱皮(份),辣椒类,09:53:50.303,1.0,5.9,销售,否,2022-03-22,3.89
102900011032022,小皱皮(份),辣椒类,10:12:00.199,1.0,5.9,销售,否,2022-03-22,3.89
102900011032022,小皱皮(份),辣椒类,10:12:00.386,1.0,5.9,销售,否,2022-03-22,3.89
102900011032022,小皱皮(份),辣椒类,11:00:11.042,1.0,5.9,销售,否,2022-03-22,3.89
102900011032022,小皱皮(份),辣椒类,11:16:10.217,1.0,5.9,销售,否,2022-03-22,3.89
102900011032022,小皱皮(份),辣椒类,17:20:05.936,1.0,5.9,销售,否,2022-03-22,3.89
102900011032022,小皱皮(份),辣椒类,17:42:10.780,1.0,5.9,销售,否,2022-03-22,3.89
102900011032022,小皱皮(份),辣椒类,18:27:12.989,1.0,4.1,销售,是,2022-03-22,3.89
102900011032022,小皱皮(份),辣椒类,19:07:46.602,1.0,4.1,销售,是,2022-03-22,3.89
102900011032022,小皱皮(份),辣椒类,11:46:58.701,1.0,5.9,销售,否,2022-03-23,3.85
102900011032022,小皱皮(份),辣椒类,12:50:47.487,1.0,4.1,销售,是,2022-03-23,3.85
102900011032022,小皱皮(份),辣椒类,18:04:24.106,1.0,4.1,销售,是,2022-03-23,3.85
102900011032022,小皱皮(份),辣椒类,18:04:24.605,1.0,5.9,销售,否,2022-03-23,3.85
102900011032022,小皱皮(份),辣椒类,18:46:37.264,1.0,5.9,销售,否,2022-03-23,3.85
102900011032022,小皱皮(份),辣椒类,12:10:11.529,1.0,5.9,销售,否,2022-03-24,3.86
102900011032022,小皱皮(份),辣椒类,17:39:23.671,1.0,5.9,销售,否,2022-03-24,3.86
102900011032022,小皱皮(份),辣椒类,18:27:23.959,1.0,5.9,销售,否,2022-03-24,3.86
102900011032022,小皱皮(份),辣椒类,10:03:40.670,1.0,5.9,销售,否,2022-03-25,3.86
102900011032022,小皱皮(份),辣椒类,14:35:39.780,1.0,5.9,销售,否,2022-03-25,3.86
102900011032022,小皱皮(份),辣椒类,15:15:09.941,1.0,5.9,销售,否,2022-03-25,3.86
102900011032022,小皱皮(份),辣椒类,15:44:27.701,1.0,5.9,销售,否,2022-03-25,3.86
102900011032022,小皱皮(份),辣椒类,17:04:19.584,1.0,4.1,销售,是,2022-03-25,3.86
102900011032022,小皱皮(份),辣椒类,18:12:21.280,1.0,5.9,销售,否,2022-03-25,3.86
102900011032022,小皱皮(份),辣椒类,18:12:22.686,1.0,5.9,销售,否,2022-03-25,3.86
102900011032022,小皱皮(份),辣椒类,19:02:43.792,1.0,5.9,销售,否,2022-03-25,3.86
102900011032022,小皱皮(份),辣椒类,12:26:18.101,1.0,5.9,销售,否,2022-03-26,3.87
102900011032022,小皱皮(份),辣椒类,15:58:22.353,1.0,5.9,销售,否,2022-03-26,3.87
102900011032022,小皱皮(份),辣椒类,16:01:20.295,1.0,5.9,销售,否,2022-03-26,3.87
102900011032022,小皱皮(份),辣椒类,16:29:54.801,1.0,5.9,销售,否,2022-03-26,3.87
102900011032022,小皱皮(份),辣椒类,18:02:45.537,1.0,5.9,销售,否,2022-03-26,3.87
102900011032022,小皱皮(份),辣椒类,20:32:54.858,1.0,4.1,销售,是,2022-03-26,3.87
102900011032022,小皱皮(份),辣椒类,20:47:18.429,1.0,5.9,销售,否,2022-03-26,3.87
102900011032022,小皱皮(份),辣椒类,10:21:26.733,1.0,5.9,销售,否,2022-03-27,3.89
102900011032022,小皱皮(份),辣椒类,14:17:37.436,1.0,5.9,销售,否,2022-03-27,3.89
102900011032022,小皱皮(份),辣椒类,14:43:01.514,1.0,5.9,销售,否,2022-03-27,3.89
102900011032022,小皱皮(份),辣椒类,18:11:31.920,1.0,5.9,销售,否,2022-03-27,3.89
102900011032022,小皱皮(份),辣椒类,18:11:33.701,1.0,5.9,销售,否,2022-03-27,3.89
102900011032022,小皱皮(份),辣椒类,10:25:47.744,1.0,3.0,销售,是,2022-03-28,3.9
102900011032022,小皱皮(份),辣椒类,10:27:52.626,1.0,5.9,销售,否,2022-03-28,3.9
102900011032022,小皱皮(份),辣椒类,11:15:58.941,1.0,5.9,销售,否,2022-03-28,3.9
102900011032022,小皱皮(份),辣椒类,15:41:33.905,1.0,5.9,销售,否,2022-03-28,3.9
102900011032022,小皱皮(份),辣椒类,17:06:03.739,1.0,5.9,销售,否,2022-03-28,3.9
102900011032022,小皱皮(份),辣椒类,20:12:53.623,1.0,5.9,销售,否,2022-03-28,3.9
102900011032022,小皱皮(份),辣椒类,20:12:56.123,1.0,5.9,销售,否,2022-03-28,3.9
102900011032022,小皱皮(份),辣椒类,21:28:52.780,1.0,5.9,销售,否,2022-03-28,3.9
102900011032022,小皱皮(份),辣椒类,11:46:19.643,1.0,5.9,销售,否,2022-03-29,3.89
102900011032022,小皱皮(份),辣椒类,11:48:48.451,1.0,5.9,销售,否,2022-03-29,3.89
102900011032022,小皱皮(份),辣椒类,15:15:41.973,1.0,5.9,销售,否,2022-03-29,3.89
102900011032022,小皱皮(份),辣椒类,17:43:36.608,1.0,5.9,销售,否,2022-03-29,3.89
102900011032022,小皱皮(份),辣椒类,19:19:08.001,1.0,5.9,销售,否,2022-03-29,3.89
102900011032022,小皱皮(份),辣椒类,20:10:40.373,1.0,4.1,销售,是,2022-03-29,3.89
102900011032022,小皱皮(份),辣椒类,20:11:28.076,1.0,3.0,销售,是,2022-03-29,3.89
102900011032022,小皱皮(份),辣椒类,15:47:51.858,1.0,5.9,销售,否,2022-03-30,3.89
102900011032022,小皱皮(份),辣椒类,10:25:39.765,1.0,5.9,销售,否,2022-03-31,3.91
102900011032022,小皱皮(份),辣椒类,17:02:12.014,1.0,5.9,销售,否,2022-03-31,3.91
102900011032022,小皱皮(份),辣椒类,17:09:36.158,1.0,5.9,销售,否,2022-03-31,3.91
102900011032022,小皱皮(份),辣椒类,17:31:13.477,1.0,5.9,销售,否,2022-03-31,3.91
102900011032022,小皱皮(份),辣椒类,18:13:20.201,1.0,5.9,销售,否,2022-03-31,3.91
102900011032022,小皱皮(份),辣椒类,19:03:51.534,1.0,5.9,销售,否,2022-03-31,3.91
102900011032022,小皱皮(份),辣椒类,11:52:29.349,1.0,5.9,销售,否,2022-04-01,3.93
102900011032022,小皱皮(份),辣椒类,12:19:44.645,1.0,5.9,销售,否,2022-04-01,3.93
102900011032022,小皱皮(份),辣椒类,17:03:48.013,1.0,5.9,销售,否,2022-04-01,3.93
102900011032022,小皱皮(份),辣椒类,17:03:48.184,1.0,5.9,销售,否,2022-04-01,3.93
102900011032022,小皱皮(份),辣椒类,19:15:12.291,1.0,5.9,销售,否,2022-04-01,3.93
102900011032022,小皱皮(份),辣椒类,19:17:19.623,1.0,5.9,销售,否,2022-04-01,3.93
102900011032022,小皱皮(份),辣椒类,16:40:27.664,1.0,5.9,销售,否,2022-04-02,3.96
102900011032022,小皱皮(份),辣椒类,10:29:38.264,1.0,4.1,销售,是,2022-04-03,4.0
102900011032022,小皱皮(份),辣椒类,10:29:55.405,1.0,4.1,销售,是,2022-04-03,4.0
102900011032022,小皱皮(份),辣椒类,18:43:16.274,1.0,5.9,销售,否,2022-04-08,3.93
102900011032022,小皱皮(份),辣椒类,18:59:29.459,1.0,5.9,销售,否,2022-04-08,3.93
102900011032022,小皱皮(份),辣椒类,19:42:22.499,1.0,5.9,销售,否,2022-04-08,3.93
102900011032022,小皱皮(份),辣椒类,21:27:53.375,1.0,5.9,销售,否,2022-04-08,3.93
102900011032022,小皱皮(份),辣椒类,21:31:26.566,1.0,5.9,销售,否,2022-04-08,3.93
102900011032022,小皱皮(份),辣椒类,11:42:51.145,1.0,5.9,销售,否,2022-04-09,3.93
102900011032022,小皱皮(份),辣椒类,10:41:30.014,1.0,4.9,销售,否,2022-04-11,3.96
102900011032022,小皱皮(份),辣椒类,19:15:42.406,1.0,4.9,销售,否,2022-04-11,3.96
102900011032022,小皱皮(份),辣椒类,20:31:23.733,1.0,4.9,销售,否,2022-04-11,3.96
102900011032022,小皱皮(份),辣椒类,11:08:55.386,1.0,3.9,销售,否,2022-04-12,4.0
102900011032022,小皱皮(份),辣椒类,11:30:05.892,1.0,3.9,销售,否,2022-04-12,4.0
102900011032022,小皱皮(份),辣椒类,10:22:15.445,1.0,3.5,销售,否,2022-04-13,4.0
102900011032022,小皱皮(份),辣椒类,12:18:13.206,1.0,3.5,销售,否,2022-04-13,4.0
102900011032022,小皱皮(份),辣椒类,11:02:24.113,1.0,2.9,销售,否,2022-04-15,1.03
102900011032022,小皱皮(份),辣椒类,11:17:18.201,1.0,2.9,销售,否,2022-04-15,1.03
102900011032022,小皱皮(份),辣椒类,10:00:16.717,1.0,2.9,销售,否,2022-04-17,1.62
102900011032022,小皱皮(份),辣椒类,11:01:37.373,1.0,2.9,销售,否,2022-04-17,1.62
102900011032022,小皱皮(份),辣椒类,11:39:51.233,1.0,2.9,销售,否,2022-04-17,1.62
102900011032022,小皱皮(份),辣椒类,15:46:21.069,1.0,2.9,销售,否,2022-04-17,1.62
102900011032022,小皱皮(份),辣椒类,18:21:32.762,1.0,2.0,销售,是,2022-04-17,1.62
102900011032022,小皱皮(份),辣椒类,18:28:31.062,1.0,2.0,销售,是,2022-04-17,1.62
102900011032022,小皱皮(份),辣椒类,19:53:00.186,1.0,2.0,销售,是,2022-04-17,1.62
102900011032022,小皱皮(份),辣椒类,09:53:17.733,1.0,2.9,销售,否,2022-04-18,1.58
102900011032022,小皱皮(份),辣椒类,10:20:01.076,1.0,2.9,销售,否,2022-04-18,1.58
102900011032022,小皱皮(份),辣椒类,10:23:35.530,1.0,2.9,销售,否,2022-04-18,1.58
102900011032022,小皱皮(份),辣椒类,15:45:31.061,1.0,2.9,销售,否,2022-04-18,1.58
102900011032022,小皱皮(份),辣椒类,16:47:23.842,1.0,2.9,销售,否,2022-04-18,1.58
102900011032022,小皱皮(份),辣椒类,18:51:23.962,1.0,2.9,销售,否,2022-04-18,1.58
102900011032022,小皱皮(份),辣椒类,21:38:05.119,1.0,2.0,销售,是,2022-04-18,1.58
102900011032022,小皱皮(份),辣椒类,11:03:30.155,1.0,2.9,销售,否,2022-04-19,1.63
102900011032022,小皱皮(份),辣椒类,16:23:08.077,1.0,2.9,销售,否,2022-04-19,1.63
102900011032022,小皱皮(份),辣椒类,16:48:50.328,1.0,2.9,销售,否,2022-04-19,1.63
102900011032022,小皱皮(份),辣椒类,12:08:28.188,1.0,2.9,销售,否,2022-04-20,1.63
102900011032022,小皱皮(份),辣椒类,19:50:56.045,1.0,2.9,销售,否,2022-04-20,1.63
102900011032022,小皱皮(份),辣椒类,11:40:03.889,1.0,2.9,销售,否,2022-04-21,1.63
102900011032022,小皱皮(份),辣椒类,10:06:53.114,1.0,3.9,销售,否,2022-04-22,1.69
102900011032022,小皱皮(份),辣椒类,11:21:22.073,1.0,3.9,销售,否,2022-04-22,1.69
102900011032022,小皱皮(份),辣椒类,18:23:07.078,1.0,3.9,销售,否,2022-04-22,1.69
102900011032022,小皱皮(份),辣椒类,18:23:07.270,1.0,3.9,销售,否,2022-04-22,1.69
102900011032022,小皱皮(份),辣椒类,18:23:07.465,1.0,3.9,销售,否,2022-04-22,1.69
102900011032022,小皱皮(份),辣椒类,18:55:57.124,1.0,3.9,销售,否,2022-04-22,1.69
102900011032022,小皱皮(份),辣椒类,09:19:50.783,1.0,2.7,销售,是,2022-04-23,1.64
102900011032022,小皱皮(份),辣椒类,10:53:04.183,1.0,3.9,销售,否,2022-04-23,1.64
102900011032022,小皱皮(份),辣椒类,12:22:08.953,1.0,3.9,销售,否,2022-04-23,1.64
102900011032022,小皱皮(份),辣椒类,17:01:47.044,1.0,2.7,销售,是,2022-04-23,1.64
102900011032022,小皱皮(份),辣椒类,13:14:17.358,1.0,2.9,销售,否,2022-04-27,1.2
102900011032022,小皱皮(份),辣椒类,13:14:18.951,1.0,2.9,销售,否,2022-04-27,1.2
102900011032022,小皱皮(份),辣椒类,13:59:00.352,1.0,2.9,销售,否,2022-04-27,1.2
102900011032022,小皱皮(份),辣椒类,09:43:50.483,1.0,2.9,销售,否,2022-05-03,1.19
102900011032022,小皱皮(份),辣椒类,09:43:53.905,1.0,2.9,销售,否,2022-05-03,1.19
102900011032022,小皱皮(份),辣椒类,11:47:06.811,1.0,2.9,销售,否,2022-05-03,1.19
102900011032022,小皱皮(份),辣椒类,16:20:50.302,1.0,2.9,销售,否,2022-05-03,1.19
102900011032022,小皱皮(份),辣椒类,17:58:07.603,1.0,2.9,销售,否,2022-05-03,1.19
102900011032022,小皱皮(份),辣椒类,16:26:04.686,1.0,2.9,销售,否,2022-05-04,1.8
102900011032022,小皱皮(份),辣椒类,15:24:09.960,1.0,2.9,销售,否,2022-06-15,0.67
102900011032022,小皱皮(份),辣椒类,18:02:36.087,1.0,2.9,销售,否,2022-06-15,0.67
102900011032022,小皱皮(份),辣椒类,18:57:50.829,1.0,2.9,销售,否,2022-06-15,0.67
102900011032022,小皱皮(份),辣椒类,10:10:31.427,1.0,2.0,销售,是,2022-06-16,0.67
102900011032022,小皱皮(份),辣椒类,12:01:12.601,1.0,2.0,销售,是,2022-06-16,0.67
102900011032022,小皱皮(份),辣椒类,17:38:47.326,1.0,2.9,销售,否,2022-06-18,0.82
102900011032022,小皱皮(份),辣椒类,17:39:20.905,1.0,2.9,销售,否,2022-06-18,0.82
102900011032022,小皱皮(份),辣椒类,14:51:32.201,1.0,2.9,销售,否,2022-06-19,0.82
102900011032022,小皱皮(份),辣椒类,14:51:56.592,1.0,2.9,销售,否,2022-06-19,0.82
102900011032022,小皱皮(份),辣椒类,17:57:03.483,1.0,2.9,销售,否,2022-06-19,0.82
102900011032022,小皱皮(份),辣椒类,13:40:17.576,1.0,2.9,销售,否,2022-06-21,1.0
102900011032022,小皱皮(份),辣椒类,15:40:57.483,1.0,2.9,销售,否,2022-06-23,1.0
102900011032022,小皱皮(份),辣椒类,20:30:03.389,1.0,2.9,销售,否,2022-06-24,1.21
102900011032022,小皱皮(份),辣椒类,10:37:05.623,1.0,2.9,销售,否,2022-06-26,1.01
102900011032022,小皱皮(份),辣椒类,10:37:12.405,1.0,2.9,销售,否,2022-06-26,1.01
102900011032022,小皱皮(份),辣椒类,09:56:21.233,1.0,2.9,销售,否,2022-06-28,1.0
102900011032022,小皱皮(份),辣椒类,16:15:41.873,1.0,2.9,销售,否,2022-06-28,1.0
102900011032022,小皱皮(份),辣椒类,19:28:50.103,1.0,1.7,销售,是,2022-06-29,1.0
102900011032022,小皱皮(份),辣椒类,18:41:00.561,1.0,2.9,销售,否,2022-06-30,1.23
102900011032022,小皱皮(份),辣椒类,11:53:03.369,1.0,2.9,销售,否,2022-07-02,1.34
102900011032022,小皱皮(份),辣椒类,17:07:57.764,1.0,2.9,销售,否,2022-07-02,1.34
102900011032022,小皱皮(份),辣椒类,17:06:36.337,1.0,2.9,销售,否,2022-07-04,1.79
102900011032022,小皱皮(份),辣椒类,19:11:38.157,1.0,2.9,销售,否,2022-07-04,1.79
102900011032022,小皱皮(份),辣椒类,19:19:27.530,1.0,2.9,销售,否,2022-07-04,1.79
102900011032022,小皱皮(份),辣椒类,12:26:40.373,1.0,2.9,销售,否,2022-07-05,1.79
102900011032022,小皱皮(份),辣椒类,19:23:05.853,1.0,2.9,销售,否,2022-07-06,1.79
102900011032022,小皱皮(份),辣椒类,17:39:51.701,1.0,3.9,销售,否,2022-07-07,1.8
102900011032022,小皱皮(份),辣椒类,17:42:49.670,1.0,3.9,销售,否,2022-07-08,1.54
102900011032022,小皱皮(份),辣椒类,21:12:18.932,1.0,3.9,销售,否,2022-07-08,1.54
102900011032022,小皱皮(份),辣椒类,21:14:24.311,1.0,3.9,销售,否,2022-07-08,1.54
102900011032022,小皱皮(份),辣椒类,11:35:00.933,1.0,3.9,销售,否,2022-07-09,1.54
102900011032022,小皱皮(份),辣椒类,16:53:43.018,1.0,3.9,销售,否,2022-07-09,1.54
102900011032022,小皱皮(份),辣椒类,12:33:06.114,1.0,2.9,销售,否,2022-07-11,1.84
102900011032022,小皱皮(份),辣椒类,15:59:17.190,1.0,2.9,销售,否,2022-07-11,1.84
102900011032022,小皱皮(份),辣椒类,09:41:44.749,1.0,2.9,销售,否,2022-07-12,1.84
102900011032022,小皱皮(份),辣椒类,09:59:25.483,1.0,2.9,销售,否,2022-07-12,1.84
102900011032022,小皱皮(份),辣椒类,09:59:33.326,1.0,2.9,销售,否,2022-07-12,1.84
102900011032022,小皱皮(份),辣椒类,11:48:51.965,1.0,2.9,销售,否,2022-07-13,1.41
102900011032022,小皱皮(份),辣椒类,12:09:40.313,1.0,2.9,销售,否,2022-07-13,1.41
102900011032022,小皱皮(份),辣椒类,12:29:40.530,1.0,2.9,销售,否,2022-07-13,1.41
102900011032022,小皱皮(份),辣椒类,18:32:25.123,1.0,2.9,销售,否,2022-07-13,1.41
102900011032022,小皱皮(份),辣椒类,19:59:46.530,1.0,1.7,销售,是,2022-07-13,1.41
102900011032022,小皱皮(份),辣椒类,19:59:50.873,1.0,1.7,销售,是,2022-07-13,1.41
102900011032022,小皱皮(份),辣椒类,11:06:36.813,1.0,1.7,销售,是,2022-07-14,1.43
102900011032022,小皱皮(份),辣椒类,12:03:29.788,1.0,2.9,销售,否,2022-07-14,1.43
102900011032022,小皱皮(份),辣椒类,12:19:49.123,1.0,2.9,销售,否,2022-07-14,1.43
102900011032022,小皱皮(份),辣椒类,17:02:01.471,1.0,2.9,销售,否,2022-07-14,1.43
102900011032022,小皱皮(份),辣椒类,18:42:55.296,1.0,2.9,销售,否,2022-07-14,1.43
102900011032022,小皱皮(份),辣椒类,18:56:38.826,1.0,2.9,销售,否,2022-07-14,1.43
102900011032022,小皱皮(份),辣椒类,13:04:56.155,1.0,2.9,销售,否,2022-07-15,1.03
102900011032022,小皱皮(份),辣椒类,15:54:38.708,1.0,2.9,销售,否,2022-07-15,1.03
102900011032022,小皱皮(份),辣椒类,19:13:51.902,1.0,2.9,销售,否,2022-07-15,1.03
102900011032022,小皱皮(份),辣椒类,20:56:38.214,3.0,2.9,销售,否,2022-07-15,1.03
102900011032022,小皱皮(份),辣椒类,21:34:53.420,1.0,2.9,销售,否,2022-07-15,1.03
102900011032022,小皱皮(份),辣椒类,11:01:34.264,1.0,2.9,销售,否,2022-07-17,1.39
102900011032022,小皱皮(份),辣椒类,12:06:22.092,1.0,2.9,销售,否,2022-07-17,1.39
102900011032022,小皱皮(份),辣椒类,14:16:00.021,1.0,2.9,销售,否,2022-07-17,1.39
102900011032022,小皱皮(份),辣椒类,17:46:41.717,1.0,2.9,销售,否,2022-07-17,1.39
102900011032022,小皱皮(份),辣椒类,19:08:35.343,1.0,2.9,销售,否,2022-07-17,1.39
102900011032022,小皱皮(份),辣椒类,11:44:53.104,1.0,2.9,销售,否,2022-07-19,1.47
102900011032022,小皱皮(份),辣椒类,20:15:06.909,1.0,1.7,销售,是,2022-07-19,1.47
102900011032022,小皱皮(份),辣椒类,21:26:52.905,1.0,2.9,销售,否,2022-07-19,1.47
102900011032022,小皱皮(份),辣椒类,21:47:40.084,1.0,2.9,销售,否,2022-07-19,1.47
102900011032022,小皱皮(份),辣椒类,15:04:24.221,1.0,2.9,销售,否,2022-07-20,1.46
102900011032022,小皱皮(份),辣椒类,15:04:24.407,1.0,2.9,销售,否,2022-07-20,1.46
102900011032022,小皱皮(份),辣椒类,15:04:24.590,1.0,2.9,销售,否,2022-07-20,1.46
102900011032022,小皱皮(份),辣椒类,16:01:07.106,1.0,2.9,销售,否,2022-07-20,1.46
102900011032022,小皱皮(份),辣椒类,17:50:56.367,1.0,2.9,销售,否,2022-07-20,1.46
102900011032022,小皱皮(份),辣椒类,17:50:56.550,1.0,2.9,销售,否,2022-07-20,1.46
102900011032022,小皱皮(份),辣椒类,18:03:54.575,1.0,2.9,销售,否,2022-07-20,1.46
102900011032022,小皱皮(份),辣椒类,18:15:08.067,1.0,2.9,销售,否,2022-07-20,1.46
102900011032022,小皱皮(份),辣椒类,18:50:32.733,1.0,2.9,销售,否,2022-07-20,1.46
102900011032022,小皱皮(份),辣椒类,20:28:15.389,1.0,2.9,销售,否,2022-07-20,1.46
102900011032022,小皱皮(份),辣椒类,21:04:08.248,1.0,2.9,销售,否,2022-07-20,1.46
102900011032022,小皱皮(份),辣椒类,15:51:48.123,1.0,2.9,销售,否,2022-07-21,1.57
102900011032022,小皱皮(份),辣椒类,16:01:26.276,1.0,2.9,销售,否,2022-07-21,1.57
102900011032022,小皱皮(份),辣椒类,16:22:19.967,1.0,2.9,销售,否,2022-07-21,1.57
102900011032022,小皱皮(份),辣椒类,16:44:32.670,1.0,2.9,销售,否,2022-07-21,1.57
102900011032022,小皱皮(份),辣椒类,16:44:34.826,1.0,2.9,销售,否,2022-07-21,1.57
102900011032022,小皱皮(份),辣椒类,17:19:05.405,1.0,2.9,销售,否,2022-07-21,1.57
102900011032022,小皱皮(份),辣椒类,18:29:46.561,1.0,2.9,销售,否,2022-07-21,1.57
102900011032022,小皱皮(份),辣椒类,20:19:22.326,1.0,1.7,销售,是,2022-07-21,1.57
102900011032022,小皱皮(份),辣椒类,20:19:27.280,1.0,1.7,销售,是,2022-07-21,1.57
102900011032022,小皱皮(份),辣椒类,20:30:43.621,1.0,1.7,销售,是,2022-07-21,1.57
102900011032022,小皱皮(份),辣椒类,20:59:17.342,1.0,1.7,销售,是,2022-07-21,1.57
102900011032022,小皱皮(份),辣椒类,21:01:05.791,1.0,1.7,销售,是,2022-07-21,1.57
102900011032022,小皱皮(份),辣椒类,21:25:59.438,1.0,1.7,销售,是,2022-07-21,1.57
102900011032022,小皱皮(份),辣椒类,21:25:59.535,1.0,1.7,销售,是,2022-07-21,1.57
102900011032022,小皱皮(份),辣椒类,21:26:02.021,1.0,1.7,销售,是,2022-07-21,1.57
102900011032022,小皱皮(份),辣椒类,21:26:02.121,1.0,1.7,销售,是,2022-07-21,1.57
102900011032022,小皱皮(份),辣椒类,11:04:18.264,1.0,2.9,销售,否,2022-07-22,1.7
102900011032022,小皱皮(份),辣椒类,15:20:38.311,1.0,2.9,销售,否,2022-07-22,1.7
102900011032022,小皱皮(份),辣椒类,16:25:51.652,1.0,2.9,销售,否,2022-07-22,1.7
102900011032022,小皱皮(份),辣椒类,16:25:51.843,1.0,2.9,销售,否,2022-07-22,1.7
102900011032022,小皱皮(份),辣椒类,19:26:06.343,1.0,2.9,销售,否,2022-07-22,1.7
102900011032022,小皱皮(份),辣椒类,19:44:12.892,1.0,1.7,销售,是,2022-07-22,1.7
102900011032022,小皱皮(份),辣椒类,19:51:41.930,1.0,1.7,销售,是,2022-07-22,1.7
102900011032022,小皱皮(份),辣椒类,20:28:37.951,1.0,1.7,销售,是,2022-07-22,1.7
102900011032022,小皱皮(份),辣椒类,20:29:07.326,1.0,1.7,销售,是,2022-07-22,1.7
102900011032022,小皱皮(份),辣椒类,09:43:01.897,1.0,2.9,销售,否,2022-07-23,1.46
102900011032022,小皱皮(份),辣椒类,10:06:13.794,1.0,2.9,销售,否,2022-07-23,1.46
102900011032022,小皱皮(份),辣椒类,12:22:21.658,1.0,2.9,销售,否,2022-07-23,1.46
102900011032022,小皱皮(份),辣椒类,13:47:01.764,1.0,2.9,销售,否,2022-07-23,1.46
102900011032022,小皱皮(份),辣椒类,15:10:26.260,1.0,2.9,销售,否,2022-07-23,1.46
102900011032022,小皱皮(份),辣椒类,15:40:17.623,1.0,2.9,销售,否,2022-07-23,1.46
102900011032022,小皱皮(份),辣椒类,17:28:35.232,1.0,2.9,销售,否,2022-07-23,1.46
102900011032022,小皱皮(份),辣椒类,17:45:00.145,1.0,2.9,销售,否,2022-07-23,1.46
102900011032022,小皱皮(份),辣椒类,19:18:59.643,1.0,2.9,销售,否,2022-07-23,1.46
102900011032022,小皱皮(份),辣椒类,20:00:18.213,1.0,2.9,销售,否,2022-07-23,1.46
102900011032022,小皱皮(份),辣椒类,10:19:24.688,1.0,2.9,销售,否,2022-07-24,1.6
102900011032022,小皱皮(份),辣椒类,10:24:01.139,1.0,2.9,销售,否,2022-07-24,1.6
102900011032022,小皱皮(份),辣椒类,10:24:07.795,1.0,2.9,销售,否,2022-07-24,1.6
102900011032022,小皱皮(份),辣椒类,11:04:16.280,1.0,2.9,销售,否,2022-07-24,1.6
102900011032022,小皱皮(份),辣椒类,13:50:20.920,1.0,2.9,销售,否,2022-07-24,1.6
102900011032022,小皱皮(份),辣椒类,13:50:24.280,1.0,2.9,销售,否,2022-07-24,1.6
102900011032022,小皱皮(份),辣椒类,17:20:39.460,1.0,2.9,销售,否,2022-07-24,1.6
102900011032022,小皱皮(份),辣椒类,10:16:14.808,1.0,2.9,销售,否,2022-07-25,1.25
102900011032022,小皱皮(份),辣椒类,10:47:30.824,1.0,2.9,销售,否,2022-07-25,1.25
102900011032022,小皱皮(份),辣椒类,12:59:01.697,1.0,2.9,销售,否,2022-07-25,1.25
102900011032022,小皱皮(份),辣椒类,15:33:37.828,1.0,2.9,销售,否,2022-07-25,1.25
102900011032022,小皱皮(份),辣椒类,18:11:10.576,1.0,2.9,销售,否,2022-07-25,1.25
102900011032022,小皱皮(份),辣椒类,20:55:17.655,1.0,2.9,销售,否,2022-07-25,1.25
102900011032022,小皱皮(份),辣椒类,21:56:42.154,1.0,2.9,销售,否,2022-07-25,1.25
102900011032022,小皱皮(份),辣椒类,21:56:42.763,1.0,2.9,销售,否,2022-07-25,1.25
102900011032022,小皱皮(份),辣椒类,09:42:25.811,1.0,2.9,销售,否,2022-07-26,1.24
102900011032022,小皱皮(份),辣椒类,12:13:00.436,1.0,2.9,销售,否,2022-07-26,1.24
102900011032022,小皱皮(份),辣椒类,14:37:48.199,1.0,2.9,销售,否,2022-07-26,1.24
102900011032022,小皱皮(份),辣椒类,14:37:48.768,1.0,2.9,销售,否,2022-07-26,1.24
102900011032022,小皱皮(份),辣椒类,14:37:48.957,1.0,2.9,销售,否,2022-07-26,1.24
102900011032022,小皱皮(份),辣椒类,15:51:51.326,1.0,2.9,销售,否,2022-07-26,1.24
102900011032022,小皱皮(份),辣椒类,16:05:45.691,1.0,2.9,销售,否,2022-07-26,1.24
102900011032022,小皱皮(份),辣椒类,17:22:38.679,1.0,2.9,销售,否,2022-07-26,1.24
102900011032022,小皱皮(份),辣椒类,19:54:58.391,1.0,1.7,销售,是,2022-07-26,1.24
102900011032022,小皱皮(份),辣椒类,20:12:56.202,1.0,1.7,销售,是,2022-07-26,1.24
102900011032022,小皱皮(份),辣椒类,20:32:13.711,1.0,2.9,销售,否,2022-07-26,1.24
102900011032022,小皱皮(份),辣椒类,09:50:02.498,1.0,2.9,销售,否,2022-07-27,1.26
102900011032022,小皱皮(份),辣椒类,10:00:25.561,1.0,2.9,销售,否,2022-07-27,1.26
102900011032022,小皱皮(份),辣椒类,11:31:54.155,1.0,2.9,销售,否,2022-07-27,1.26
102900011032022,小皱皮(份),辣椒类,16:28:15.543,1.0,2.9,销售,否,2022-07-27,1.26
102900011032022,小皱皮(份),辣椒类,17:04:20.201,1.0,2.9,销售,否,2022-07-27,1.26
102900011032022,小皱皮(份),辣椒类,18:41:17.862,1.0,1.7,销售,是,2022-07-27,1.26
102900011032022,小皱皮(份),辣椒类,19:06:19.717,1.0,2.9,销售,否,2022-07-27,1.26
102900011032022,小皱皮(份),辣椒类,19:06:43.717,1.0,2.9,销售,否,2022-07-27,1.26
102900011032022,小皱皮(份),辣椒类,19:46:56.969,1.0,2.9,销售,否,2022-07-27,1.26
102900011032022,小皱皮(份),辣椒类,20:37:30.365,1.0,2.9,销售,否,2022-07-27,1.26
102900011032022,小皱皮(份),辣椒类,20:37:30.546,1.0,2.9,销售,否,2022-07-27,1.26
102900011032022,小皱皮(份),辣椒类,20:40:18.642,1.0,2.9,销售,否,2022-07-27,1.26
102900011032022,小皱皮(份),辣椒类,21:34:47.451,1.0,1.7,销售,是,2022-07-27,1.26
102900011032022,小皱皮(份),辣椒类,10:48:30.693,1.0,2.9,销售,否,2022-07-28,1.34
102900011032022,小皱皮(份),辣椒类,12:32:32.326,1.0,2.9,销售,否,2022-07-28,1.34
102900011032022,小皱皮(份),辣椒类,18:20:02.426,1.0,2.9,销售,否,2022-07-28,1.34
102900011032022,小皱皮(份),辣椒类,20:28:34.701,1.0,1.7,销售,是,2022-07-28,1.34
102900011032022,小皱皮(份),辣椒类,21:10:59.155,1.0,1.7,销售,是,2022-07-28,1.34
102900011032022,小皱皮(份),辣椒类,21:15:51.808,1.0,1.7,销售,是,2022-07-28,1.34
102900011032022,小皱皮(份),辣椒类,09:59:20.981,1.0,2.9,销售,否,2022-07-29,1.22
102900011032022,小皱皮(份),辣椒类,09:59:49.519,1.0,2.9,销售,否,2022-07-29,1.22
102900011032022,小皱皮(份),辣椒类,11:04:37.033,1.0,1.7,销售,是,2022-07-29,1.22
102900011032022,小皱皮(份),辣椒类,12:15:05.358,1.0,2.9,销售,否,2022-07-29,1.22
102900011032022,小皱皮(份),辣椒类,12:44:12.014,1.0,2.9,销售,否,2022-07-29,1.22
102900011032022,小皱皮(份),辣椒类,13:36:39.304,1.0,2.9,销售,否,2022-07-29,1.22
102900011032022,小皱皮(份),辣椒类,17:39:50.571,1.0,1.7,销售,是,2022-07-29,1.22
102900011032022,小皱皮(份),辣椒类,17:39:50.670,1.0,1.7,销售,是,2022-07-29,1.22
102900011032022,小皱皮(份),辣椒类,18:17:26.248,1.0,2.9,销售,否,2022-07-29,1.22
102900011032022,小皱皮(份),辣椒类,19:50:02.405,1.0,2.9,销售,否,2022-07-29,1.22
102900011032022,小皱皮(份),辣椒类,19:50:08.514,1.0,2.9,销售,否,2022-07-29,1.22
102900011032022,小皱皮(份),辣椒类,19:50:33.592,1.0,2.9,销售,否,2022-07-29,1.22
102900011032022,小皱皮(份),辣椒类,19:50:36.186,1.0,2.9,销售,否,2022-07-29,1.22
102900011032022,小皱皮(份),辣椒类,20:49:19.760,1.0,2.9,销售,否,2022-07-29,1.22
102900011032022,小皱皮(份),辣椒类,20:49:21.090,1.0,2.9,销售,否,2022-07-29,1.22
102900011032022,小皱皮(份),辣椒类,21:12:03.373,1.0,2.9,销售,否,2022-07-29,1.22
102900011032022,小皱皮(份),辣椒类,21:12:25.983,1.0,2.9,销售,否,2022-07-29,1.22
102900011032022,小皱皮(份),辣椒类,09:19:25.023,1.0,2.9,销售,否,2022-07-30,1.17
102900011032022,小皱皮(份),辣椒类,10:49:41.795,1.0,2.9,销售,否,2022-07-30,1.17
102900011032022,小皱皮(份),辣椒类,10:49:41.968,1.0,2.9,销售,否,2022-07-30,1.17
102900011032022,小皱皮(份),辣椒类,10:59:57.561,1.0,2.9,销售,否,2022-07-30,1.17
102900011032022,小皱皮(份),辣椒类,11:35:44.436,1.0,2.9,销售,否,2022-07-30,1.17
102900011032022,小皱皮(份),辣椒类,15:27:33.961,1.0,2.9,销售,否,2022-07-30,1.17
102900011032022,小皱皮(份),辣椒类,15:27:34.909,1.0,2.9,销售,否,2022-07-30,1.17
102900011032022,小皱皮(份),辣椒类,17:17:00.186,1.0,2.9,销售,否,2022-07-30,1.17
102900011032022,小皱皮(份),辣椒类,19:42:25.537,1.0,1.7,销售,是,2022-07-30,1.17
102900011032022,小皱皮(份),辣椒类,20:19:38.885,1.0,2.9,销售,否,2022-07-30,1.17
102900011032022,小皱皮(份),辣椒类,21:36:53.291,1.0,1.7,销售,是,2022-07-30,1.17
102900011032022,小皱皮(份),辣椒类,09:50:21.068,1.0,2.9,销售,否,2022-07-31,1.09
102900011032022,小皱皮(份),辣椒类,10:14:01.826,1.0,2.9,销售,否,2022-07-31,1.09
102900011032022,小皱皮(份),辣椒类,10:52:09.530,1.0,2.9,销售,否,2022-07-31,1.09
102900011032022,小皱皮(份),辣椒类,11:41:19.123,1.0,2.9,销售,否,2022-07-31,1.09
102900011032022,小皱皮(份),辣椒类,12:07:50.124,1.0,1.7,销售,是,2022-07-31,1.09
102900011032022,小皱皮(份),辣椒类,12:53:35.254,1.0,2.9,销售,否,2022-07-31,1.09
102900011032022,小皱皮(份),辣椒类,16:01:28.639,1.0,2.9,销售,否,2022-07-31,1.09
102900011032022,小皱皮(份),辣椒类,16:18:45.930,1.0,2.9,销售,否,2022-07-31,1.09
102900011032022,小皱皮(份),辣椒类,16:18:46.111,1.0,2.9,销售,否,2022-07-31,1.09
102900011032022,小皱皮(份),辣椒类,17:09:41.826,1.0,2.9,销售,否,2022-07-31,1.09
102900011032022,小皱皮(份),辣椒类,17:44:32.051,1.0,2.9,销售,否,2022-07-31,1.09
102900011032022,小皱皮(份),辣椒类,18:48:03.924,1.0,2.9,销售,否,2022-07-31,1.09
102900011032022,小皱皮(份),辣椒类,19:14:17.599,1.0,1.7,销售,是,2022-07-31,1.09
102900011032022,小皱皮(份),辣椒类,19:39:26.012,1.0,2.9,销售,否,2022-07-31,1.09
102900011032022,小皱皮(份),辣椒类,19:39:58.294,1.0,2.9,销售,否,2022-07-31,1.09
102900011032022,小皱皮(份),辣椒类,20:08:52.501,1.0,2.9,销售,否,2022-07-31,1.09
102900011032022,小皱皮(份),辣椒类,20:19:00.328,1.0,1.7,销售,是,2022-07-31,1.09
102900011032022,小皱皮(份),辣椒类,21:33:49.379,1.0,2.9,销售,否,2022-07-31,1.09
102900011032022,小皱皮(份),辣椒类,09:36:15.752,1.0,2.9,销售,否,2022-08-01,0.96
102900011032022,小皱皮(份),辣椒类,10:13:35.431,1.0,2.9,销售,否,2022-08-01,0.96
102900011032022,小皱皮(份),辣椒类,12:54:33.233,1.0,1.7,销售,是,2022-08-01,0.96
102900011032022,小皱皮(份),辣椒类,14:04:44.542,1.0,2.9,销售,否,2022-08-01,0.96
102900011032022,小皱皮(份),辣椒类,14:48:15.530,1.0,2.9,销售,否,2022-08-01,0.96
102900011032022,小皱皮(份),辣椒类,17:03:08.391,1.0,2.9,销售,否,2022-08-01,0.96
102900011032022,小皱皮(份),辣椒类,18:34:37.124,1.0,2.9,销售,否,2022-08-01,0.96
102900011032022,小皱皮(份),辣椒类,18:34:38.689,1.0,2.9,销售,否,2022-08-01,0.96
102900011032022,小皱皮(份),辣椒类,20:32:10.483,1.0,2.9,销售,否,2022-08-01,0.96
102900011032022,小皱皮(份),辣椒类,21:22:39.466,1.0,1.7,销售,是,2022-08-01,0.96
102900011032022,小皱皮(份),辣椒类,21:27:32.517,1.0,1.7,销售,是,2022-08-01,0.96
102900011032022,小皱皮(份),辣椒类,10:26:10.322,1.0,2.9,销售,否,2022-08-02,1.05
102900011032022,小皱皮(份),辣椒类,10:27:16.498,1.0,2.9,销售,否,2022-08-02,1.05
102900011032022,小皱皮(份),辣椒类,10:44:57.398,1.0,2.9,销售,否,2022-08-02,1.05
102900011032022,小皱皮(份),辣椒类,10:46:33.802,1.0,2.9,销售,否,2022-08-02,1.05
102900011032022,小皱皮(份),辣椒类,11:19:50.445,1.0,2.9,销售,否,2022-08-02,1.05
102900011032022,小皱皮(份),辣椒类,14:24:17.321,1.0,2.9,销售,否,2022-08-02,1.05
102900011032022,小皱皮(份),辣椒类,15:16:36.079,1.0,2.9,销售,否,2022-08-02,1.05
102900011032022,小皱皮(份),辣椒类,16:28:51.498,1.0,2.9,销售,否,2022-08-02,1.05
102900011032022,小皱皮(份),辣椒类,16:31:33.795,1.0,2.9,销售,否,2022-08-02,1.05
102900011032022,小皱皮(份),辣椒类,17:22:09.280,1.0,2.9,销售,否,2022-08-02,1.05
102900011032022,小皱皮(份),辣椒类,17:58:21.770,1.0,1.7,销售,是,2022-08-02,1.05
102900011032022,小皱皮(份),辣椒类,18:52:21.894,1.0,2.9,销售,否,2022-08-02,1.05
102900011032022,小皱皮(份),辣椒类,20:20:32.043,1.0,2.9,销售,否,2022-08-02,1.05
102900011032022,小皱皮(份),辣椒类,20:26:24.873,1.0,2.9,销售,否,2022-08-02,1.05
102900011032022,小皱皮(份),辣椒类,20:31:55.370,1.0,2.9,销售,否,2022-08-02,1.05
102900011032022,小皱皮(份),辣椒类,20:34:31.130,1.0,1.7,销售,是,2022-08-02,1.05
102900011032022,小皱皮(份),辣椒类,20:38:49.757,1.0,1.7,销售,是,2022-08-02,1.05
102900011032022,小皱皮(份),辣椒类,20:42:06.519,1.0,2.9,销售,否,2022-08-02,1.05
102900011032022,小皱皮(份),辣椒类,09:44:09.311,1.0,2.9,销售,否,2022-08-03,1.14
102900011032022,小皱皮(份),辣椒类,10:34:11.983,1.0,2.9,销售,否,2022-08-03,1.14
102900011032022,小皱皮(份),辣椒类,12:58:06.795,1.0,2.9,销售,否,2022-08-03,1.14
102900011032022,小皱皮(份),辣椒类,12:58:24.139,1.0,2.9,销售,否,2022-08-03,1.14
102900011032022,小皱皮(份),辣椒类,13:06:02.014,1.0,2.9,销售,否,2022-08-03,1.14
102900011032022,小皱皮(份),辣椒类,14:22:14.032,1.0,2.9,销售,否,2022-08-03,1.14
102900011032022,小皱皮(份),辣椒类,15:26:26.667,1.0,2.9,销售,否,2022-08-03,1.14
102900011032022,小皱皮(份),辣椒类,15:26:26.848,1.0,2.9,销售,否,2022-08-03,1.14
102900011032022,小皱皮(份),辣椒类,16:08:43.717,1.0,2.9,销售,否,2022-08-03,1.14
102900011032022,小皱皮(份),辣椒类,16:09:33.014,1.0,2.9,销售,否,2022-08-03,1.14
102900011032022,小皱皮(份),辣椒类,17:07:01.061,1.0,2.9,销售,否,2022-08-03,1.14
102900011032022,小皱皮(份),辣椒类,18:12:55.255,1.0,2.9,销售,否,2022-08-03,1.14
102900011032022,小皱皮(份),辣椒类,18:22:20.151,1.0,2.9,销售,否,2022-08-03,1.14
102900011032022,小皱皮(份),辣椒类,18:22:20.528,1.0,2.9,销售,否,2022-08-03,1.14
102900011032022,小皱皮(份),辣椒类,18:26:23.858,1.0,1.7,销售,是,2022-08-03,1.14
102900011032022,小皱皮(份),辣椒类,18:26:26.358,1.0,1.7,销售,是,2022-08-03,1.14
102900011032022,小皱皮(份),辣椒类,18:51:42.826,1.0,2.9,销售,否,2022-08-03,1.14
102900011032022,小皱皮(份),辣椒类,19:01:07.373,1.0,2.9,销售,否,2022-08-03,1.14
102900011032022,小皱皮(份),辣椒类,20:04:03.214,1.0,2.9,销售,否,2022-08-03,1.14
102900011032022,小皱皮(份),辣椒类,20:06:34.126,1.0,2.9,销售,否,2022-08-03,1.14
102900011032022,小皱皮(份),辣椒类,10:09:23.451,1.0,1.9,销售,否,2022-08-04,1.11
102900011032022,小皱皮(份),辣椒类,10:47:46.405,1.0,1.9,销售,否,2022-08-04,1.11
102900011032022,小皱皮(份),辣椒类,10:49:36.784,1.0,1.9,销售,否,2022-08-04,1.11
102900011032022,小皱皮(份),辣椒类,10:51:25.413,1.0,1.9,销售,否,2022-08-04,1.11
102900011032022,小皱皮(份),辣椒类,14:27:04.430,1.0,1.9,销售,否,2022-08-04,1.11
102900011032022,小皱皮(份),辣椒类,14:33:14.935,1.0,1.9,销售,否,2022-08-04,1.11
102900011032022,小皱皮(份),辣椒类,15:01:55.356,1.0,1.9,销售,否,2022-08-04,1.11
102900011032022,小皱皮(份),辣椒类,15:37:57.178,1.0,1.9,销售,否,2022-08-04,1.11
102900011032022,小皱皮(份),辣椒类,16:36:28.701,1.0,1.1,销售,是,2022-08-04,1.11
102900011032022,小皱皮(份),辣椒类,17:50:35.455,1.0,1.1,销售,是,2022-08-04,1.11
102900011032022,小皱皮(份),辣椒类,17:50:35.772,1.0,1.9,销售,否,2022-08-04,1.11
102900011032022,小皱皮(份),辣椒类,17:54:15.936,1.0,1.9,销售,否,2022-08-04,1.11
102900011032022,小皱皮(份),辣椒类,17:58:44.019,1.0,1.1,销售,是,2022-08-04,1.11
102900011032022,小皱皮(份),辣椒类,17:58:44.128,1.0,1.1,销售,是,2022-08-04,1.11
102900011032022,小皱皮(份),辣椒类,20:10:58.098,1.0,1.1,销售,是,2022-08-04,1.11
102900011032022,小皱皮(份),辣椒类,20:10:58.206,1.0,1.1,销售,是,2022-08-04,1.11
102900011032022,小皱皮(份),辣椒类,20:38:45.951,1.0,1.1,销售,是,2022-08-04,1.11
102900011032022,小皱皮(份),辣椒类,21:00:47.172,1.0,1.9,销售,否,2022-08-04,1.11
102900011032022,小皱皮(份),辣椒类,21:00:47.486,1.0,1.9,销售,否,2022-08-04,1.11
102900011032022,小皱皮(份),辣椒类,21:00:47.666,1.0,1.9,销售,否,2022-08-04,1.11
102900011032022,小皱皮(份),辣椒类,10:32:32.174,1.0,1.9,销售,否,2022-08-05,1.08
102900011032022,小皱皮(份),辣椒类,12:10:04.576,1.0,1.9,销售,否,2022-08-05,1.08
102900011032022,小皱皮(份),辣椒类,13:56:30.872,1.0,1.9,销售,否,2022-08-05,1.08
102900011032022,小皱皮(份),辣椒类,14:42:55.014,1.0,1.9,销售,否,2022-08-05,1.08
102900011032022,小皱皮(份),辣椒类,15:13:40.755,1.0,1.9,销售,否,2022-08-05,1.08
102900011032022,小皱皮(份),辣椒类,15:13:40.932,1.0,1.9,销售,否,2022-08-05,1.08
102900011032022,小皱皮(份),辣椒类,17:36:55.187,1.0,1.9,销售,否,2022-08-05,1.08
102900011032022,小皱皮(份),辣椒类,19:31:59.938,1.0,1.9,销售,否,2022-08-05,1.08
102900011032022,小皱皮(份),辣椒类,19:57:54.998,1.0,1.9,销售,否,2022-08-05,1.08
102900011032022,小皱皮(份),辣椒类,19:57:56.530,1.0,1.1,销售,是,2022-08-05,1.08
102900011032022,小皱皮(份),辣椒类,19:57:58.186,1.0,1.1,销售,是,2022-08-05,1.08
102900011032022,小皱皮(份),辣椒类,20:27:22.289,1.0,1.1,销售,是,2022-08-05,1.08
102900011032022,小皱皮(份),辣椒类,20:27:22.390,1.0,1.1,销售,是,2022-08-05,1.08
102900011032022,小皱皮(份),辣椒类,20:43:30.307,1.0,1.1,销售,是,2022-08-05,1.08
102900011032022,小皱皮(份),辣椒类,21:19:51.852,1.0,1.1,销售,是,2022-08-05,1.08
102900011032022,小皱皮(份),辣椒类,09:49:37.920,1.0,1.9,销售,否,2022-08-06,1.03
102900011032022,小皱皮(份),辣椒类,10:01:27.198,1.0,1.9,销售,否,2022-08-06,1.03
102900011032022,小皱皮(份),辣椒类,10:54:08.117,1.0,1.9,销售,否,2022-08-06,1.03
102900011032022,小皱皮(份),辣椒类,10:57:18.511,1.0,1.9,销售,否,2022-08-06,1.03
102900011032022,小皱皮(份),辣椒类,10:57:18.698,1.0,1.9,销售,否,2022-08-06,1.03
102900011032022,小皱皮(份),辣椒类,12:19:58.888,1.0,1.9,销售,否,2022-08-06,1.03
102900011032022,小皱皮(份),辣椒类,17:18:09.644,1.0,1.9,销售,否,2022-08-06,1.03
102900011032022,小皱皮(份),辣椒类,17:58:38.791,1.0,1.9,销售,否,2022-08-06,1.03
102900011032022,小皱皮(份),辣椒类,19:27:15.389,1.0,1.9,销售,否,2022-08-06,1.03
102900011032022,小皱皮(份),辣椒类,20:55:01.936,1.0,1.1,销售,是,2022-08-06,1.03
102900011032022,小皱皮(份),辣椒类,09:15:47.784,1.0,1.9,销售,否,2022-08-07,0.84
102900011032022,小皱皮(份),辣椒类,10:06:13.608,1.0,1.9,销售,否,2022-08-07,0.84
102900011032022,小皱皮(份),辣椒类,10:07:27.889,1.0,1.9,销售,否,2022-08-07,0.84
102900011032022,小皱皮(份),辣椒类,10:10:12.393,1.0,1.9,销售,否,2022-08-07,0.84
102900011032022,小皱皮(份),辣椒类,11:13:22.915,1.0,1.9,销售,否,2022-08-07,0.84
102900011032022,小皱皮(份),辣椒类,11:13:23.095,1.0,1.9,销售,否,2022-08-07,0.84
102900011032022,小皱皮(份),辣椒类,11:27:33.576,1.0,1.9,销售,否,2022-08-07,0.84
102900011032022,小皱皮(份),辣椒类,11:27:35.873,1.0,1.9,销售,否,2022-08-07,0.84
102900011032022,小皱皮(份),辣椒类,11:29:45.377,1.0,1.9,销售,否,2022-08-07,0.84
102900011032022,小皱皮(份),辣椒类,11:51:43.405,1.0,1.9,销售,否,2022-08-07,0.84
102900011032022,小皱皮(份),辣椒类,11:52:37.686,1.0,1.9,销售,否,2022-08-07,0.84
102900011032022,小皱皮(份),辣椒类,11:52:44.811,1.0,1.9,销售,否,2022-08-07,0.84
102900011032022,小皱皮(份),辣椒类,12:03:28.233,1.0,1.9,销售,否,2022-08-07,0.84
102900011032022,小皱皮(份),辣椒类,12:03:36.373,1.0,1.9,销售,否,2022-08-07,0.84
102900011032022,小皱皮(份),辣椒类,14:11:31.561,1.0,1.9,销售,否,2022-08-07,0.84
102900011032022,小皱皮(份),辣椒类,14:11:31.742,1.0,1.9,销售,否,2022-08-07,0.84
102900011032022,小皱皮(份),辣椒类,14:58:17.889,1.0,1.9,销售,否,2022-08-07,0.84
102900011032022,小皱皮(份),辣椒类,16:56:38.771,1.0,1.9,销售,否,2022-08-07,0.84
102900011032022,小皱皮(份),辣椒类,17:24:17.828,1.0,1.9,销售,否,2022-08-07,0.84
102900011032022,小皱皮(份),辣椒类,17:45:07.061,1.0,1.1,销售,是,2022-08-07,0.84
102900011032022,小皱皮(份),辣椒类,17:53:42.534,1.0,1.9,销售,否,2022-08-07,0.84
102900011032022,小皱皮(份),辣椒类,18:17:46.733,1.0,1.9,销售,否,2022-08-07,0.84
102900011032022,小皱皮(份),辣椒类,18:49:18.727,1.0,1.9,销售,否,2022-08-07,0.84
102900011032022,小皱皮(份),辣椒类,19:45:04.927,1.0,1.9,销售,否,2022-08-07,0.84
102900011032022,小皱皮(份),辣椒类,19:45:05.107,1.0,1.9,销售,否,2022-08-07,0.84
102900011032022,小皱皮(份),辣椒类,20:03:11.848,1.0,1.9,销售,否,2022-08-07,0.84
102900011032022,小皱皮(份),辣椒类,09:28:22.725,1.0,1.9,销售,否,2022-08-08,0.83
102900011032022,小皱皮(份),辣椒类,09:28:22.955,1.0,1.9,销售,否,2022-08-08,0.83
102900011032022,小皱皮(份),辣椒类,10:06:38.474,1.0,1.9,销售,否,2022-08-08,0.83
102900011032022,小皱皮(份),辣椒类,10:15:34.027,1.0,1.9,销售,否,2022-08-08,0.83
102900011032022,小皱皮(份),辣椒类,11:10:06.914,1.0,1.9,销售,否,2022-08-08,0.83
102900011032022,小皱皮(份),辣椒类,13:00:32.544,1.0,1.9,销售,否,2022-08-08,0.83
102900011032022,小皱皮(份),辣椒类,13:00:32.718,1.0,1.9,销售,否,2022-08-08,0.83
102900011032022,小皱皮(份),辣椒类,16:11:02.585,1.0,1.9,销售,否,2022-08-08,0.83
102900011032022,小皱皮(份),辣椒类,16:16:05.701,1.0,1.9,销售,否,2022-08-08,0.83
102900011032022,小皱皮(份),辣椒类,16:51:48.416,1.0,1.9,销售,否,2022-08-08,0.83
102900011032022,小皱皮(份),辣椒类,17:06:49.719,1.0,1.9,销售,否,2022-08-08,0.83
102900011032022,小皱皮(份),辣椒类,17:07:54.889,1.0,1.9,销售,否,2022-08-08,0.83
102900011032022,小皱皮(份),辣椒类,17:15:31.718,1.0,1.9,销售,否,2022-08-08,0.83
102900011032022,小皱皮(份),辣椒类,17:15:31.895,1.0,1.9,销售,否,2022-08-08,0.83
102900011032022,小皱皮(份),辣椒类,17:20:14.889,1.0,1.9,销售,否,2022-08-08,0.83
102900011032022,小皱皮(份),辣椒类,17:25:44.994,1.0,1.9,销售,否,2022-08-08,0.83
102900011032022,小皱皮(份),辣椒类,17:42:50.562,1.0,1.9,销售,否,2022-08-08,0.83
102900011032022,小皱皮(份),辣椒类,17:42:50.752,1.0,1.9,销售,否,2022-08-08,0.83
102900011032022,小皱皮(份),辣椒类,18:00:26.155,1.0,1.9,销售,否,2022-08-08,0.83
102900011032022,小皱皮(份),辣椒类,19:27:52.722,1.0,1.9,销售,否,2022-08-08,0.83
102900011032022,小皱皮(份),辣椒类,20:31:00.850,1.0,1.9,销售,否,2022-08-08,0.83
102900011032022,小皱皮(份),辣椒类,20:34:00.943,1.0,1.9,销售,否,2022-08-08,0.83
102900011032022,小皱皮(份),辣椒类,21:59:35.280,1.0,1.9,销售,否,2022-08-08,0.83
102900011032022,小皱皮(份),辣椒类,09:24:10.485,1.0,1.9,销售,否,2022-08-09,0.71
102900011032022,小皱皮(份),辣椒类,09:31:08.270,1.0,1.9,销售,否,2022-08-09,0.71
102900011032022,小皱皮(份),辣椒类,10:36:13.669,1.0,1.9,销售,否,2022-08-09,0.71
102900011032022,小皱皮(份),辣椒类,10:36:13.846,1.0,1.9,销售,否,2022-08-09,0.71
102900011032022,小皱皮(份),辣椒类,10:59:19.827,1.0,1.9,销售,否,2022-08-09,0.71
102900011032022,小皱皮(份),辣椒类,11:06:05.754,1.0,1.9,销售,否,2022-08-09,0.71
102900011032022,小皱皮(份),辣椒类,11:16:28.355,1.0,1.9,销售,否,2022-08-09,0.71
102900011032022,小皱皮(份),辣椒类,12:25:20.215,1.0,1.9,销售,否,2022-08-09,0.71
102900011032022,小皱皮(份),辣椒类,13:00:56.812,1.0,1.9,销售,否,2022-08-09,0.71
102900011032022,小皱皮(份),辣椒类,13:43:40.858,1.0,1.9,销售,否,2022-08-09,0.71
102900011032022,小皱皮(份),辣椒类,15:17:58.876,1.0,1.9,销售,否,2022-08-09,0.71
102900011032022,小皱皮(份),辣椒类,15:47:22.747,1.0,1.9,销售,否,2022-08-09,0.71
102900011032022,小皱皮(份),辣椒类,16:35:58.044,1.0,1.9,销售,否,2022-08-09,0.71
102900011032022,小皱皮(份),辣椒类,16:59:26.764,1.0,1.9,销售,否,2022-08-09,0.71
102900011032022,小皱皮(份),辣椒类,16:59:27.811,1.0,1.9,销售,否,2022-08-09,0.71
102900011032022,小皱皮(份),辣椒类,18:11:53.886,1.0,1.9,销售,否,2022-08-09,0.71
102900011032022,小皱皮(份),辣椒类,20:28:48.266,1.0,1.9,销售,否,2022-08-09,0.71
102900011032022,小皱皮(份),辣椒类,20:32:39.941,1.0,1.9,销售,否,2022-08-09,0.71
102900011032022,小皱皮(份),辣椒类,20:44:16.710,1.0,1.9,销售,否,2022-08-09,0.71
102900011032022,小皱皮(份),辣椒类,21:17:09.172,1.0,1.9,销售,否,2022-08-09,0.71
102900011032022,小皱皮(份),辣椒类,09:32:35.888,1.0,1.9,销售,否,2022-08-10,0.64
102900011032022,小皱皮(份),辣椒类,09:50:31.141,1.0,1.9,销售,否,2022-08-10,0.64
102900011032022,小皱皮(份),辣椒类,10:17:49.712,1.0,1.9,销售,否,2022-08-10,0.64
102900011032022,小皱皮(份),辣椒类,10:38:10.826,1.0,1.9,销售,否,2022-08-10,0.64
102900011032022,小皱皮(份),辣椒类,10:38:21.186,1.0,1.9,销售,否,2022-08-10,0.64
102900011032022,小皱皮(份),辣椒类,11:00:24.126,1.0,1.9,销售,否,2022-08-10,0.64
102900011032022,小皱皮(份),辣椒类,11:00:25.714,1.0,1.9,销售,否,2022-08-10,0.64
102900011032022,小皱皮(份),辣椒类,11:41:04.681,1.0,1.9,销售,否,2022-08-10,0.64
102900011032022,小皱皮(份),辣椒类,13:21:11.264,1.0,1.9,销售,否,2022-08-10,0.64
102900011032022,小皱皮(份),辣椒类,14:48:03.498,1.0,1.9,销售,否,2022-08-10,0.64
102900011032022,小皱皮(份),辣椒类,16:39:17.514,1.0,1.9,销售,否,2022-08-10,0.64
102900011032022,小皱皮(份),辣椒类,16:42:27.264,1.0,1.9,销售,否,2022-08-10,0.64
102900011032022,小皱皮(份),辣椒类,17:25:40.367,1.0,1.9,销售,否,2022-08-10,0.64
102900011032022,小皱皮(份),辣椒类,18:47:07.703,1.0,1.9,销售,否,2022-08-10,0.64
102900011032022,小皱皮(份),辣椒类,19:20:24.776,1.0,1.1,销售,是,2022-08-10,0.64
102900011032022,小皱皮(份),辣椒类,19:41:18.347,1.0,1.9,销售,否,2022-08-10,0.64
102900011032022,小皱皮(份),辣椒类,19:47:50.109,1.0,1.9,销售,否,2022-08-10,0.64
102900011032022,小皱皮(份),辣椒类,20:07:32.779,1.0,1.1,销售,是,2022-08-10,0.64
102900011032022,小皱皮(份),辣椒类,20:18:41.640,1.0,1.1,销售,是,2022-08-10,0.64
102900011032022,小皱皮(份),辣椒类,20:48:30.165,1.0,1.1,销售,是,2022-08-10,0.64
102900011032022,小皱皮(份),辣椒类,21:00:12.951,1.0,1.9,销售,否,2022-08-10,0.64
102900011032022,小皱皮(份),辣椒类,21:08:22.387,1.0,1.9,销售,否,2022-08-10,0.64
102900011032022,小皱皮(份),辣椒类,21:08:56.102,1.0,1.1,销售,是,2022-08-10,0.64
102900011032022,小皱皮(份),辣椒类,21:08:56.207,1.0,1.1,销售,是,2022-08-10,0.64
102900011032022,小皱皮(份),辣椒类,21:20:47.294,1.0,1.1,销售,是,2022-08-10,0.64
102900011032022,小皱皮(份),辣椒类,09:16:28.311,1.0,1.9,销售,否,2022-08-11,0.55
102900011032022,小皱皮(份),辣椒类,09:16:32.998,1.0,1.9,销售,否,2022-08-11,0.55
102900011032022,小皱皮(份),辣椒类,09:22:38.799,1.0,1.9,销售,否,2022-08-11,0.55
102900011032022,小皱皮(份),辣椒类,09:22:39.133,1.0,1.9,销售,否,2022-08-11,0.55
102900011032022,小皱皮(份),辣椒类,09:33:54.014,1.0,1.9,销售,否,2022-08-11,0.55
102900011032022,小皱皮(份),辣椒类,09:54:52.470,1.0,1.9,销售,否,2022-08-11,0.55
102900011032022,小皱皮(份),辣椒类,10:54:53.514,1.0,1.9,销售,否,2022-08-11,0.55
102900011032022,小皱皮(份),辣椒类,11:00:48.030,1.0,1.9,销售,否,2022-08-11,0.55
102900011032022,小皱皮(份),辣椒类,11:16:25.858,1.0,1.9,销售,否,2022-08-11,0.55
102900011032022,小皱皮(份),辣椒类,11:16:27.786,1.0,1.9,销售,否,2022-08-11,0.55
102900011032022,小皱皮(份),辣椒类,11:16:28.174,1.0,1.9,销售,否,2022-08-11,0.55
102900011032022,小皱皮(份),辣椒类,11:20:29.443,1.0,1.9,销售,否,2022-08-11,0.55
102900011032022,小皱皮(份),辣椒类,12:01:55.895,1.0,1.9,销售,否,2022-08-11,0.55
102900011032022,小皱皮(份),辣椒类,12:01:56.244,1.0,1.9,销售,否,2022-08-11,0.55
102900011032022,小皱皮(份),辣椒类,15:20:58.264,1.0,1.9,销售,否,2022-08-11,0.55
102900011032022,小皱皮(份),辣椒类,15:21:00.358,1.0,1.9,销售,否,2022-08-11,0.55
102900011032022,小皱皮(份),辣椒类,15:21:11.764,1.0,1.9,销售,否,2022-08-11,0.55
102900011032022,小皱皮(份),辣椒类,15:41:33.412,1.0,1.9,销售,否,2022-08-11,0.55
102900011032022,小皱皮(份),辣椒类,15:41:33.591,1.0,1.9,销售,否,2022-08-11,0.55
102900011032022,小皱皮(份),辣椒类,16:30:55.711,1.0,1.9,销售,否,2022-08-11,0.55
102900011032022,小皱皮(份),辣椒类,16:52:07.589,1.0,1.9,销售,否,2022-08-11,0.55
102900011032022,小皱皮(份),辣椒类,16:52:07.766,1.0,1.9,销售,否,2022-08-11,0.55
102900011032022,小皱皮(份),辣椒类,16:53:53.905,1.0,1.9,销售,否,2022-08-11,0.55
102900011032022,小皱皮(份),辣椒类,17:34:27.498,1.0,1.9,销售,否,2022-08-11,0.55
102900011032022,小皱皮(份),辣椒类,17:53:26.915,1.0,1.9,销售,否,2022-08-11,0.55
102900011032022,小皱皮(份),辣椒类,18:31:46.879,1.0,1.9,销售,否,2022-08-11,0.55
102900011032022,小皱皮(份),辣椒类,19:58:54.404,1.0,1.9,销售,否,2022-08-11,0.55
102900011032022,小皱皮(份),辣椒类,09:41:53.342,1.0,1.9,销售,否,2022-08-12,0.57
102900011032022,小皱皮(份),辣椒类,09:49:10.712,1.0,1.9,销售,否,2022-08-12,0.57
102900011032022,小皱皮(份),辣椒类,09:51:25.419,1.0,1.9,销售,否,2022-08-12,0.57
102900011032022,小皱皮(份),辣椒类,10:02:53.356,1.0,1.9,销售,否,2022-08-12,0.57
102900011032022,小皱皮(份),辣椒类,10:19:02.034,1.0,1.9,销售,否,2022-08-12,0.57
102900011032022,小皱皮(份),辣椒类,10:19:02.211,1.0,1.9,销售,否,2022-08-12,0.57
102900011032022,小皱皮(份),辣椒类,10:28:50.933,1.0,1.9,销售,否,2022-08-12,0.57
102900011032022,小皱皮(份),辣椒类,10:31:51.958,1.0,1.9,销售,否,2022-08-12,0.57
102900011032022,小皱皮(份),辣椒类,11:02:04.873,1.0,1.9,销售,否,2022-08-12,0.57
102900011032022,小皱皮(份),辣椒类,11:51:06.509,1.0,1.9,销售,否,2022-08-12,0.57
102900011032022,小皱皮(份),辣椒类,12:49:32.165,1.0,1.9,销售,否,2022-08-12,0.57
102900011032022,小皱皮(份),辣椒类,17:45:38.915,1.0,1.9,销售,否,2022-08-12,0.57
102900011032022,小皱皮(份),辣椒类,19:41:24.334,1.0,1.9,销售,否,2022-08-12,0.57
102900011032022,小皱皮(份),辣椒类,19:50:27.967,1.0,1.9,销售,否,2022-08-12,0.57
102900011032022,小皱皮(份),辣椒类,09:19:32.233,1.0,1.9,销售,否,2022-08-13,0.62
102900011032022,小皱皮(份),辣椒类,09:58:49.063,1.0,1.9,销售,否,2022-08-13,0.62
102900011032022,小皱皮(份),辣椒类,10:04:20.248,1.0,1.9,销售,否,2022-08-13,0.62
102900011032022,小皱皮(份),辣椒类,10:04:20.422,1.0,1.9,销售,否,2022-08-13,0.62
102900011032022,小皱皮(份),辣椒类,10:04:20.605,1.0,1.9,销售,否,2022-08-13,0.62
102900011032022,小皱皮(份),辣椒类,10:10:55.319,1.0,1.9,销售,否,2022-08-13,0.62
102900011032022,小皱皮(份),辣椒类,10:23:27.870,1.0,1.9,销售,否,2022-08-13,0.62
102900011032022,小皱皮(份),辣椒类,10:32:25.247,1.0,1.9,销售,否,2022-08-13,0.62
102900011032022,小皱皮(份),辣椒类,10:38:43.983,1.0,1.9,销售,否,2022-08-13,0.62
102900011032022,小皱皮(份),辣椒类,10:45:54.579,1.0,1.9,销售,否,2022-08-13,0.62
102900011032022,小皱皮(份),辣椒类,10:52:20.367,1.0,1.9,销售,否,2022-08-13,0.62
102900011032022,小皱皮(份),辣椒类,10:54:00.778,1.0,1.9,销售,否,2022-08-13,0.62
102900011032022,小皱皮(份),辣椒类,10:58:47.530,1.0,1.9,销售,否,2022-08-13,0.62
102900011032022,小皱皮(份),辣椒类,11:19:41.561,1.0,1.9,销售,否,2022-08-13,0.62
102900011032022,小皱皮(份),辣椒类,11:23:19.950,1.0,1.9,销售,否,2022-08-13,0.62
102900011032022,小皱皮(份),辣椒类,11:52:16.014,1.0,1.9,销售,否,2022-08-13,0.62
102900011032022,小皱皮(份),辣椒类,12:09:41.608,1.0,1.9,销售,否,2022-08-13,0.62
102900011032022,小皱皮(份),辣椒类,12:47:07.086,1.0,1.9,销售,否,2022-08-13,0.62
102900011032022,小皱皮(份),辣椒类,12:49:02.514,1.0,1.9,销售,否,2022-08-13,0.62
102900011032022,小皱皮(份),辣椒类,12:49:04.420,1.0,1.9,销售,否,2022-08-13,0.62
102900011032022,小皱皮(份),辣椒类,15:09:58.251,1.0,1.9,销售,否,2022-08-13,0.62
102900011032022,小皱皮(份),辣椒类,15:51:02.311,1.0,1.9,销售,否,2022-08-13,0.62
102900011032022,小皱皮(份),辣椒类,16:06:29.983,1.0,1.9,销售,否,2022-08-13,0.62
102900011032022,小皱皮(份),辣椒类,16:30:38.685,1.0,1.9,销售,否,2022-08-13,0.62
102900011032022,小皱皮(份),辣椒类,16:44:58.561,1.0,1.9,销售,否,2022-08-13,0.62
102900011032022,小皱皮(份),辣椒类,16:45:01.233,1.0,1.9,销售,否,2022-08-13,0.62
102900011032022,小皱皮(份),辣椒类,17:12:03.373,1.0,1.9,销售,否,2022-08-13,0.62
102900011032022,小皱皮(份),辣椒类,19:03:51.760,1.0,1.9,销售,否,2022-08-13,0.62
102900011032022,小皱皮(份),辣椒类,19:39:32.155,1.0,1.9,销售,否,2022-08-13,0.62
102900011032022,小皱皮(份),辣椒类,20:54:16.444,1.0,1.9,销售,否,2022-08-13,0.62
102900011032022,小皱皮(份),辣椒类,20:54:16.621,1.0,1.9,销售,否,2022-08-13,0.62
102900011032022,小皱皮(份),辣椒类,09:32:00.181,1.0,1.9,销售,否,2022-08-14,0.71
102900011032022,小皱皮(份),辣椒类,09:34:01.080,1.0,1.9,销售,否,2022-08-14,0.71
102900011032022,小皱皮(份),辣椒类,10:04:45.505,1.0,1.9,销售,否,2022-08-14,0.71
102900011032022,小皱皮(份),辣椒类,10:17:46.086,1.0,1.9,销售,否,2022-08-14,0.71
102900011032022,小皱皮(份),辣椒类,10:22:41.934,1.0,1.9,销售,否,2022-08-14,0.71
102900011032022,小皱皮(份),辣椒类,10:24:33.935,1.0,1.9,销售,否,2022-08-14,0.71
102900011032022,小皱皮(份),辣椒类,10:24:34.115,1.0,1.9,销售,否,2022-08-14,0.71
102900011032022,小皱皮(份),辣椒类,10:40:16.160,1.0,1.9,销售,否,2022-08-14,0.71
102900011032022,小皱皮(份),辣椒类,10:52:52.061,1.0,1.9,销售,否,2022-08-14,0.71
102900011032022,小皱皮(份),辣椒类,10:52:54.342,1.0,1.9,销售,否,2022-08-14,0.71
102900011032022,小皱皮(份),辣椒类,10:58:45.946,1.0,1.9,销售,否,2022-08-14,0.71
102900011032022,小皱皮(份),辣椒类,11:00:00.886,1.0,1.9,销售,否,2022-08-14,0.71
102900011032022,小皱皮(份),辣椒类,11:00:05.645,1.0,1.9,销售,否,2022-08-14,0.71
102900011032022,小皱皮(份),辣椒类,13:10:28.170,1.0,1.9,销售,否,2022-08-14,0.71
102900011032022,小皱皮(份),辣椒类,14:22:23.961,1.0,1.9,销售,否,2022-08-14,0.71
102900011032022,小皱皮(份),辣椒类,17:12:33.531,1.0,1.9,销售,否,2022-08-14,0.71
102900011032022,小皱皮(份),辣椒类,17:27:58.045,1.0,1.9,销售,否,2022-08-14,0.71
102900011032022,小皱皮(份),辣椒类,17:59:10.285,1.0,1.9,销售,否,2022-08-14,0.71
102900011032022,小皱皮(份),辣椒类,18:03:18.498,1.0,1.9,销售,否,2022-08-14,0.71
102900011032022,小皱皮(份),辣椒类,18:07:58.412,1.0,1.9,销售,否,2022-08-14,0.71
102900011032022,小皱皮(份),辣椒类,18:45:45.186,1.0,1.9,销售,否,2022-08-14,0.71
102900011032022,小皱皮(份),辣椒类,19:57:54.453,1.0,1.1,销售,是,2022-08-14,0.71
102900011032022,小皱皮(份),辣椒类,19:58:11.184,1.0,1.1,销售,是,2022-08-14,0.71
102900011032022,小皱皮(份),辣椒类,19:58:11.281,1.0,1.1,销售,是,2022-08-14,0.71
102900011032022,小皱皮(份),辣椒类,20:20:27.188,1.0,1.1,销售,是,2022-08-14,0.71
102900011032022,小皱皮(份),辣椒类,20:36:57.983,1.0,1.1,销售,是,2022-08-14,0.71
102900011032022,小皱皮(份),辣椒类,20:37:25.003,1.0,1.1,销售,是,2022-08-14,0.71
102900011032022,小皱皮(份),辣椒类,20:43:32.259,1.0,1.1,销售,是,2022-08-14,0.71
102900011032022,小皱皮(份),辣椒类,20:48:30.594,1.0,1.1,销售,是,2022-08-14,0.71
102900011032022,小皱皮(份),辣椒类,20:58:31.550,1.0,1.1,销售,是,2022-08-14,0.71
102900011032022,小皱皮(份),辣椒类,21:28:35.155,1.0,1.1,销售,是,2022-08-14,0.71
102900011032022,小皱皮(份),辣椒类,21:49:11.985,1.0,1.1,销售,是,2022-08-14,0.71
102900011032022,小皱皮(份),辣椒类,21:49:12.097,1.0,1.1,销售,是,2022-08-14,0.71
102900011032022,小皱皮(份),辣椒类,10:13:38.139,1.0,2.9,销售,否,2022-08-15,0.65
102900011032022,小皱皮(份),辣椒类,10:21:20.779,1.0,2.9,销售,否,2022-08-15,0.65
102900011032022,小皱皮(份),辣椒类,10:21:20.950,1.0,2.9,销售,否,2022-08-15,0.65
102900011032022,小皱皮(份),辣椒类,10:57:41.208,1.0,2.9,销售,否,2022-08-15,0.65
102900011032022,小皱皮(份),辣椒类,11:08:10.934,1.0,2.9,销售,否,2022-08-15,0.65
102900011032022,小皱皮(份),辣椒类,12:17:56.556,1.0,2.9,销售,否,2022-08-15,0.65
102900011032022,小皱皮(份),辣椒类,12:29:27.354,1.0,2.9,销售,否,2022-08-15,0.65
102900011032022,小皱皮(份),辣椒类,12:29:27.520,1.0,2.9,销售,否,2022-08-15,0.65
102900011032022,小皱皮(份),辣椒类,13:30:48.537,1.0,2.9,销售,否,2022-08-15,0.65
102900011032022,小皱皮(份),辣椒类,14:15:43.040,1.0,2.9,销售,否,2022-08-15,0.65
102900011032022,小皱皮(份),辣椒类,15:50:16.331,1.0,2.9,销售,否,2022-08-15,0.65
102900011032022,小皱皮(份),辣椒类,15:50:16.525,1.0,2.9,销售,否,2022-08-15,0.65
102900011032022,小皱皮(份),辣椒类,16:06:40.820,1.0,2.9,销售,否,2022-08-15,0.65
102900011032022,小皱皮(份),辣椒类,16:27:32.691,1.0,2.9,销售,否,2022-08-15,0.65
102900011032022,小皱皮(份),辣椒类,16:45:10.660,1.0,2.9,销售,否,2022-08-15,0.65
102900011032022,小皱皮(份),辣椒类,17:30:23.300,1.0,2.9,销售,否,2022-08-15,0.65
102900011032022,小皱皮(份),辣椒类,17:30:23.495,1.0,2.9,销售,否,2022-08-15,0.65
102900011032022,小皱皮(份),辣椒类,17:34:08.233,1.0,2.9,销售,否,2022-08-15,0.65
102900011032022,小皱皮(份),辣椒类,18:05:58.391,1.0,2.9,销售,否,2022-08-15,0.65
102900011032022,小皱皮(份),辣椒类,18:06:03.818,1.0,2.9,销售,否,2022-08-15,0.65
102900011032022,小皱皮(份),辣椒类,18:06:50.795,1.0,2.9,销售,否,2022-08-15,0.65
102900011032022,小皱皮(份),辣椒类,18:26:58.326,1.0,2.9,销售,否,2022-08-15,0.65
102900011032022,小皱皮(份),辣椒类,19:17:19.704,1.0,2.9,销售,否,2022-08-15,0.65
102900011032022,小皱皮(份),辣椒类,19:54:30.258,1.0,1.7,销售,是,2022-08-15,0.65
102900011032022,小皱皮(份),辣椒类,19:56:28.076,1.0,1.7,销售,是,2022-08-15,0.65
102900011032022,小皱皮(份),辣椒类,19:58:10.139,1.0,2.9,销售,否,2022-08-15,0.65
102900011032022,小皱皮(份),辣椒类,20:01:58.214,1.0,1.7,销售,是,2022-08-15,0.65
102900011032022,小皱皮(份),辣椒类,20:40:21.201,1.0,1.7,销售,是,2022-08-15,0.65
102900011032022,小皱皮(份),辣椒类,21:43:29.734,1.0,2.9,销售,否,2022-08-15,0.65
102900011032022,小皱皮(份),辣椒类,09:29:25.343,1.0,2.9,销售,否,2022-08-16,0.77
102900011032022,小皱皮(份),辣椒类,09:55:19.436,1.0,2.9,销售,否,2022-08-16,0.77
102900011032022,小皱皮(份),辣椒类,09:55:19.619,1.0,2.9,销售,否,2022-08-16,0.77
102900011032022,小皱皮(份),辣椒类,10:06:53.512,1.0,2.9,销售,否,2022-08-16,0.77
102900011032022,小皱皮(份),辣椒类,10:52:35.290,1.0,2.9,销售,否,2022-08-16,0.77
102900011032022,小皱皮(份),辣椒类,10:52:35.478,1.0,2.9,销售,否,2022-08-16,0.77
102900011032022,小皱皮(份),辣椒类,11:35:09.620,1.0,2.9,销售,否,2022-08-16,0.77
102900011032022,小皱皮(份),辣椒类,12:47:17.943,1.0,2.9,销售,否,2022-08-16,0.77
102900011032022,小皱皮(份),辣椒类,12:47:18.122,1.0,1.7,销售,是,2022-08-16,0.77
102900011032022,小皱皮(份),辣椒类,13:26:06.373,1.0,2.9,销售,否,2022-08-16,0.77
102900011032022,小皱皮(份),辣椒类,14:49:08.373,1.0,2.9,销售,否,2022-08-16,0.77
102900011032022,小皱皮(份),辣椒类,15:34:30.061,1.0,2.9,销售,否,2022-08-16,0.77
102900011032022,小皱皮(份),辣椒类,16:11:46.373,1.0,2.9,销售,否,2022-08-16,0.77
102900011032022,小皱皮(份),辣椒类,16:22:59.355,1.0,2.9,销售,否,2022-08-16,0.77
102900011032022,小皱皮(份),辣椒类,16:40:29.338,1.0,2.9,销售,否,2022-08-16,0.77
102900011032022,小皱皮(份),辣椒类,16:40:29.526,1.0,2.9,销售,否,2022-08-16,0.77
102900011032022,小皱皮(份),辣椒类,16:40:29.709,1.0,2.9,销售,否,2022-08-16,0.77
102900011032022,小皱皮(份),辣椒类,16:40:29.895,1.0,2.9,销售,否,2022-08-16,0.77
102900011032022,小皱皮(份),辣椒类,16:46:18.061,1.0,2.9,销售,否,2022-08-16,0.77
102900011032022,小皱皮(份),辣椒类,17:23:20.309,1.0,2.9,销售,否,2022-08-16,0.77
102900011032022,小皱皮(份),辣椒类,17:23:21.887,1.0,2.9,销售,否,2022-08-16,0.77
102900011032022,小皱皮(份),辣椒类,18:42:01.826,1.0,2.9,销售,否,2022-08-16,0.77
102900011032022,小皱皮(份),辣椒类,18:51:08.436,1.0,2.9,销售,否,2022-08-16,0.77
102900011032022,小皱皮(份),辣椒类,18:56:53.594,1.0,2.9,销售,否,2022-08-16,0.77
102900011032022,小皱皮(份),辣椒类,18:56:53.770,1.0,2.9,销售,否,2022-08-16,0.77
102900011032022,小皱皮(份),辣椒类,18:56:53.952,1.0,2.9,销售,否,2022-08-16,0.77
102900011032022,小皱皮(份),辣椒类,18:59:31.398,1.0,2.9,销售,否,2022-08-16,0.77
102900011032022,小皱皮(份),辣椒类,19:02:13.211,1.0,2.9,销售,否,2022-08-16,0.77
102900011032022,小皱皮(份),辣椒类,19:12:54.530,1.0,2.9,销售,否,2022-08-16,0.77
102900011032022,小皱皮(份),辣椒类,19:31:40.858,1.0,2.9,销售,否,2022-08-16,0.77
102900011032022,小皱皮(份),辣椒类,19:31:42.717,1.0,2.9,销售,否,2022-08-16,0.77
102900011032022,小皱皮(份),辣椒类,21:15:49.530,1.0,2.9,销售,否,2022-08-16,0.77
102900011032022,小皱皮(份),辣椒类,21:16:30.451,1.0,2.9,销售,否,2022-08-16,0.77
102900011032022,小皱皮(份),辣椒类,21:18:35.100,1.0,1.7,销售,是,2022-08-16,0.77
102900011032022,小皱皮(份),辣椒类,21:18:35.224,1.0,1.7,销售,是,2022-08-16,0.77
102900011032022,小皱皮(份),辣椒类,21:54:29.014,1.0,1.7,销售,是,2022-08-16,0.77
102900011032022,小皱皮(份),辣椒类,21:54:30.998,1.0,1.7,销售,是,2022-08-16,0.77
102900011032022,小皱皮(份),辣椒类,21:54:33.155,1.0,1.7,销售,是,2022-08-16,0.77
102900011032022,小皱皮(份),辣椒类,21:54:35.889,1.0,1.7,销售,是,2022-08-16,0.77
102900011032022,小皱皮(份),辣椒类,09:43:31.297,1.0,2.9,销售,否,2022-08-17,0.82
102900011032022,小皱皮(份),辣椒类,10:35:10.457,1.0,2.9,销售,否,2022-08-17,0.82
102900011032022,小皱皮(份),辣椒类,10:54:18.030,1.0,2.9,销售,否,2022-08-17,0.82
102900011032022,小皱皮(份),辣椒类,10:54:28.862,1.0,2.9,销售,否,2022-08-17,0.82
102900011032022,小皱皮(份),辣椒类,10:54:29.035,1.0,2.9,销售,否,2022-08-17,0.82
102900011032022,小皱皮(份),辣椒类,10:55:30.951,1.0,2.9,销售,否,2022-08-17,0.82
102900011032022,小皱皮(份),辣椒类,13:28:20.998,1.0,2.9,销售,否,2022-08-17,0.82
102900011032022,小皱皮(份),辣椒类,13:33:37.921,1.0,2.9,销售,否,2022-08-17,0.82
102900011032022,小皱皮(份),辣椒类,14:07:11.107,1.0,2.9,销售,否,2022-08-17,0.82
102900011032022,小皱皮(份),辣椒类,14:31:14.061,1.0,2.9,销售,否,2022-08-17,0.82
102900011032022,小皱皮(份),辣椒类,14:31:16.436,1.0,2.9,销售,否,2022-08-17,0.82
102900011032022,小皱皮(份),辣椒类,15:35:12.826,1.0,2.9,销售,否,2022-08-17,0.82
102900011032022,小皱皮(份),辣椒类,16:15:29.347,1.0,2.9,销售,否,2022-08-17,0.82
102900011032022,小皱皮(份),辣椒类,17:23:18.903,1.0,2.9,销售,否,2022-08-17,0.82
102900011032022,小皱皮(份),辣椒类,17:44:04.152,1.0,2.9,销售,否,2022-08-17,0.82
102900011032022,小皱皮(份),辣椒类,17:52:54.030,1.0,2.0,销售,是,2022-08-17,0.82
102900011032022,小皱皮(份),辣椒类,20:03:30.867,1.0,2.9,销售,否,2022-08-17,0.82
102900011032022,小皱皮(份),辣椒类,20:20:13.291,1.0,2.0,销售,是,2022-08-17,0.82
102900011032022,小皱皮(份),辣椒类,20:28:16.748,1.0,2.9,销售,否,2022-08-17,0.82
102900011032022,小皱皮(份),辣椒类,20:30:06.299,1.0,2.9,销售,否,2022-08-17,0.82
102900011032022,小皱皮(份),辣椒类,20:30:06.486,1.0,2.9,销售,否,2022-08-17,0.82
102900011032022,小皱皮(份),辣椒类,20:52:40.448,1.0,2.9,销售,否,2022-08-17,0.82
102900011032022,小皱皮(份),辣椒类,09:41:31.822,1.0,2.9,销售,否,2022-08-18,0.88
102900011032022,小皱皮(份),辣椒类,10:34:35.390,1.0,2.9,销售,否,2022-08-18,0.88
102900011032022,小皱皮(份),辣椒类,10:55:59.271,1.0,2.9,销售,否,2022-08-18,0.88
102900011032022,小皱皮(份),辣椒类,11:37:26.684,1.0,2.9,销售,否,2022-08-18,0.88
102900011032022,小皱皮(份),辣椒类,13:06:21.711,1.0,2.9,销售,否,2022-08-18,0.88
102900011032022,小皱皮(份),辣椒类,14:43:20.128,1.0,2.9,销售,否,2022-08-18,0.88
102900011032022,小皱皮(份),辣椒类,15:33:52.608,1.0,2.9,销售,否,2022-08-18,0.88
102900011032022,小皱皮(份),辣椒类,16:09:39.493,1.0,2.9,销售,否,2022-08-18,0.88
102900011032022,小皱皮(份),辣椒类,16:19:31.364,1.0,2.9,销售,否,2022-08-18,0.88
102900011032022,小皱皮(份),辣椒类,17:16:46.826,1.0,2.0,销售,是,2022-08-18,0.88
102900011032022,小皱皮(份),辣椒类,17:20:16.905,1.0,2.9,销售,否,2022-08-18,0.88
102900011032022,小皱皮(份),辣椒类,17:36:27.095,1.0,2.0,销售,是,2022-08-18,0.88
102900011032022,小皱皮(份),辣椒类,17:59:53.621,1.0,2.9,销售,否,2022-08-18,0.88
102900011032022,小皱皮(份),辣椒类,18:12:57.724,1.0,2.0,销售,是,2022-08-18,0.88
102900011032022,小皱皮(份),辣椒类,18:12:59.099,1.0,2.0,销售,是,2022-08-18,0.88
102900011032022,小皱皮(份),辣椒类,18:32:28.177,1.0,2.9,销售,否,2022-08-18,0.88
102900011032022,小皱皮(份),辣椒类,18:32:28.348,1.0,2.9,销售,否,2022-08-18,0.88
102900011032022,小皱皮(份),辣椒类,18:32:40.400,1.0,2.9,销售,否,2022-08-18,0.88
102900011032022,小皱皮(份),辣椒类,18:32:40.579,1.0,2.9,销售,否,2022-08-18,0.88
102900011032022,小皱皮(份),辣椒类,19:08:17.810,1.0,2.9,销售,否,2022-08-18,0.88
102900011032022,小皱皮(份),辣椒类,19:14:51.771,1.0,2.9,销售,否,2022-08-18,0.88
102900011032022,小皱皮(份),辣椒类,19:53:21.172,1.0,2.9,销售,否,2022-08-18,0.88
102900011032022,小皱皮(份),辣椒类,19:59:04.603,1.0,2.9,销售,否,2022-08-18,0.88
102900011032022,小皱皮(份),辣椒类,20:09:38.481,1.0,2.9,销售,否,2022-08-18,0.88
102900011032022,小皱皮(份),辣椒类,20:09:38.658,1.0,2.9,销售,否,2022-08-18,0.88
102900011032022,小皱皮(份),辣椒类,20:21:54.972,1.0,2.9,销售,否,2022-08-18,0.88
102900011032022,小皱皮(份),辣椒类,20:23:39.514,1.0,2.9,销售,否,2022-08-18,0.88
102900011032022,小皱皮(份),辣椒类,20:32:32.901,1.0,2.9,销售,否,2022-08-18,0.88
102900011032022,小皱皮(份),辣椒类,20:35:24.041,1.0,2.9,销售,否,2022-08-18,0.88
102900011032022,小皱皮(份),辣椒类,20:35:24.210,1.0,2.9,销售,否,2022-08-18,0.88
102900011032022,小皱皮(份),辣椒类,20:44:18.794,1.0,2.0,销售,是,2022-08-18,0.88
102900011032022,小皱皮(份),辣椒类,21:04:48.108,1.0,2.9,销售,否,2022-08-18,0.88
102900011032022,小皱皮(份),辣椒类,21:22:39.567,1.0,2.9,销售,否,2022-08-18,0.88
102900011032022,小皱皮(份),辣椒类,21:33:44.091,1.0,2.9,销售,否,2022-08-18,0.88
102900011032022,小皱皮(份),辣椒类,09:27:40.288,1.0,2.9,销售,否,2022-08-19,1.02
102900011032022,小皱皮(份),辣椒类,09:28:38.576,1.0,2.9,销售,否,2022-08-19,1.02
102900011032022,小皱皮(份),辣椒类,09:33:44.938,1.0,2.9,销售,否,2022-08-19,1.02
102900011032022,小皱皮(份),辣椒类,09:42:37.841,1.0,2.9,销售,否,2022-08-19,1.02
102900011032022,小皱皮(份),辣椒类,09:42:40.329,1.0,2.9,销售,否,2022-08-19,1.02
102900011032022,小皱皮(份),辣椒类,10:08:04.514,1.0,2.9,销售,否,2022-08-19,1.02
102900011032022,小皱皮(份),辣椒类,10:25:47.326,1.0,2.9,销售,否,2022-08-19,1.02
102900011032022,小皱皮(份),辣椒类,10:25:55.748,1.0,2.9,销售,否,2022-08-19,1.02
102900011032022,小皱皮(份),辣椒类,10:29:14.717,1.0,2.9,销售,否,2022-08-19,1.02
102900011032022,小皱皮(份),辣椒类,10:51:25.093,1.0,2.9,销售,否,2022-08-19,1.02
102900011032022,小皱皮(份),辣椒类,10:55:22.514,1.0,2.9,销售,否,2022-08-19,1.02
102900011032022,小皱皮(份),辣椒类,11:03:22.764,1.0,2.9,销售,否,2022-08-19,1.02
102900011032022,小皱皮(份),辣椒类,11:19:01.764,1.0,2.9,销售,否,2022-08-19,1.02
102900011032022,小皱皮(份),辣椒类,11:28:06.420,1.0,2.9,销售,否,2022-08-19,1.02
102900011032022,小皱皮(份),辣椒类,11:28:08.123,1.0,2.9,销售,否,2022-08-19,1.02
102900011032022,小皱皮(份),辣椒类,11:36:06.858,1.0,2.9,销售,否,2022-08-19,1.02
102900011032022,小皱皮(份),辣椒类,11:36:07.022,1.0,2.9,销售,否,2022-08-19,1.02
102900011032022,小皱皮(份),辣椒类,11:38:04.642,1.0,2.9,销售,否,2022-08-19,1.02
102900011032022,小皱皮(份),辣椒类,12:01:51.949,1.0,2.9,销售,否,2022-08-19,1.02
102900011032022,小皱皮(份),辣椒类,12:06:10.148,1.0,2.9,销售,否,2022-08-19,1.02
102900011032022,小皱皮(份),辣椒类,12:06:10.903,1.0,2.9,销售,否,2022-08-19,1.02
102900011032022,小皱皮(份),辣椒类,12:10:29.451,1.0,2.9,销售,否,2022-08-19,1.02
102900011032022,小皱皮(份),辣椒类,12:10:31.311,1.0,2.9,销售,否,2022-08-19,1.02
102900011032022,小皱皮(份),辣椒类,12:21:53.979,1.0,2.9,销售,否,2022-08-19,1.02
102900011032022,小皱皮(份),辣椒类,12:27:09.826,1.0,2.9,销售,否,2022-08-19,1.02
102900011032022,小皱皮(份),辣椒类,12:27:11.545,1.0,2.9,销售,否,2022-08-19,1.02
102900011032022,小皱皮(份),辣椒类,12:27:19.998,1.0,2.9,销售,否,2022-08-19,1.02
102900011032022,小皱皮(份),辣椒类,12:28:07.217,1.0,2.9,销售,否,2022-08-19,1.02
102900011032022,小皱皮(份),辣椒类,12:28:09.155,1.0,2.9,销售,否,2022-08-19,1.02
102900011032022,小皱皮(份),辣椒类,12:33:41.904,1.0,2.9,销售,否,2022-08-19,1.02
102900011032022,小皱皮(份),辣椒类,12:33:42.250,1.0,2.9,销售,否,2022-08-19,1.02
102900011032022,小皱皮(份),辣椒类,12:43:42.295,1.0,2.9,销售,否,2022-08-19,1.02
102900011032022,小皱皮(份),辣椒类,12:49:48.572,1.0,2.9,销售,否,2022-08-19,1.02
102900011032022,小皱皮(份),辣椒类,12:49:48.956,1.0,2.9,销售,否,2022-08-19,1.02
102900011032022,小皱皮(份),辣椒类,13:42:17.436,1.0,2.9,销售,否,2022-08-19,1.02
102900011032022,小皱皮(份),辣椒类,14:05:11.159,1.0,2.9,销售,否,2022-08-19,1.02
102900011032022,小皱皮(份),辣椒类,15:08:10.719,1.0,2.9,销售,否,2022-08-19,1.02
102900011032022,小皱皮(份),辣椒类,17:43:20.351,1.0,2.9,销售,否,2022-08-19,1.02
102900011032022,小皱皮(份),辣椒类,09:38:53.071,1.0,2.9,销售,否,2022-08-20,1.01
102900011032022,小皱皮(份),辣椒类,09:48:31.545,1.0,2.9,销售,否,2022-08-20,1.01
102900011032022,小皱皮(份),辣椒类,09:51:19.247,1.0,2.9,销售,否,2022-08-20,1.01
102900011032022,小皱皮(份),辣椒类,10:16:43.775,1.0,2.9,销售,否,2022-08-20,1.01
102900011032022,小皱皮(份),辣椒类,10:23:23.821,1.0,2.9,销售,否,2022-08-20,1.01
102900011032022,小皱皮(份),辣椒类,10:33:10.724,1.0,2.9,销售,否,2022-08-20,1.01
102900011032022,小皱皮(份),辣椒类,10:36:43.509,1.0,2.9,销售,否,2022-08-20,1.01
102900011032022,小皱皮(份),辣椒类,10:48:07.236,1.0,2.9,销售,否,2022-08-20,1.01
102900011032022,小皱皮(份),辣椒类,10:50:11.748,1.0,2.9,销售,否,2022-08-20,1.01
102900011032022,小皱皮(份),辣椒类,11:07:29.182,1.0,2.9,销售,否,2022-08-20,1.01
102900011032022,小皱皮(份),辣椒类,11:24:31.647,1.0,2.9,销售,否,2022-08-20,1.01
102900011032022,小皱皮(份),辣椒类,11:26:26.045,1.0,2.9,销售,否,2022-08-20,1.01
102900011032022,小皱皮(份),辣椒类,11:26:38.780,1.0,2.9,销售,否,2022-08-20,1.01
102900011032022,小皱皮(份),辣椒类,11:29:09.670,1.0,2.9,销售,否,2022-08-20,1.01
102900011032022,小皱皮(份),辣椒类,11:29:11.201,1.0,2.9,销售,否,2022-08-20,1.01
102900011032022,小皱皮(份),辣椒类,12:08:05.805,1.0,2.9,销售,否,2022-08-20,1.01
102900011032022,小皱皮(份),辣椒类,12:08:05.985,1.0,2.9,销售,否,2022-08-20,1.01
102900011032022,小皱皮(份),辣椒类,12:18:12.668,1.0,2.9,销售,否,2022-08-20,1.01
102900011032022,小皱皮(份),辣椒类,12:24:17.993,1.0,2.9,销售,否,2022-08-20,1.01
102900011032022,小皱皮(份),辣椒类,12:34:50.014,1.0,2.9,销售,否,2022-08-20,1.01
102900011032022,小皱皮(份),辣椒类,12:35:31.385,1.0,2.9,销售,否,2022-08-20,1.01
102900011032022,小皱皮(份),辣椒类,12:35:32.265,1.0,2.9,销售,否,2022-08-20,1.01
102900011032022,小皱皮(份),辣椒类,12:35:55.951,1.0,2.9,销售,否,2022-08-20,1.01
102900011032022,小皱皮(份),辣椒类,12:43:01.741,1.0,2.9,销售,否,2022-08-20,1.01
102900011032022,小皱皮(份),辣椒类,13:20:45.030,1.0,2.9,销售,否,2022-08-20,1.01
102900011032022,小皱皮(份),辣椒类,13:21:17.826,1.0,2.9,销售,否,2022-08-20,1.01
102900011032022,小皱皮(份),辣椒类,14:04:32.186,1.0,2.9,销售,否,2022-08-20,1.01
102900011032022,小皱皮(份),辣椒类,16:06:59.516,1.0,2.9,销售,否,2022-08-20,1.01
102900011032022,小皱皮(份),辣椒类,16:22:15.144,1.0,2.9,销售,否,2022-08-20,1.01
102900011032022,小皱皮(份),辣椒类,16:55:00.676,1.0,2.9,销售,否,2022-08-20,1.01
102900011032022,小皱皮(份),辣椒类,17:05:04.397,1.0,2.9,销售,否,2022-08-20,1.01
102900011032022,小皱皮(份),辣椒类,17:06:24.108,1.0,2.9,销售,否,2022-08-20,1.01
102900011032022,小皱皮(份),辣椒类,17:18:09.827,1.0,2.9,销售,否,2022-08-20,1.01
102900011032022,小皱皮(份),辣椒类,17:18:13.870,1.0,2.9,销售,否,2022-08-20,1.01
102900011032022,小皱皮(份),辣椒类,17:18:24.426,1.0,2.9,销售,否,2022-08-20,1.01
102900011032022,小皱皮(份),辣椒类,17:27:22.899,1.0,2.9,销售,否,2022-08-20,1.01
102900011032022,小皱皮(份),辣椒类,17:37:43.051,1.0,2.9,销售,否,2022-08-20,1.01
102900011032022,小皱皮(份),辣椒类,18:08:58.748,1.0,2.9,销售,否,2022-08-20,1.01
102900011032022,小皱皮(份),辣椒类,18:57:15.733,1.0,2.9,销售,否,2022-08-20,1.01
102900011032022,小皱皮(份),辣椒类,09:24:28.608,1.0,2.9,销售,否,2022-08-21,1.07
102900011032022,小皱皮(份),辣椒类,10:18:47.826,1.0,2.9,销售,否,2022-08-21,1.07
102900011032022,小皱皮(份),辣椒类,10:51:06.995,1.0,2.9,销售,否,2022-08-21,1.07
102900011032022,小皱皮(份),辣椒类,11:12:48.405,1.0,2.9,销售,否,2022-08-21,1.07
102900011032022,小皱皮(份),辣椒类,11:32:58.071,1.0,2.9,销售,否,2022-08-21,1.07
102900011032022,小皱皮(份),辣椒类,11:40:35.274,1.0,2.9,销售,否,2022-08-21,1.07
102900011032022,小皱皮(份),辣椒类,12:09:04.248,1.0,2.9,销售,否,2022-08-21,1.07
102900011032022,小皱皮(份),辣椒类,12:10:16.514,1.0,2.9,销售,否,2022-08-21,1.07
102900011032022,小皱皮(份),辣椒类,12:27:58.807,1.0,2.9,销售,否,2022-08-21,1.07
102900011032022,小皱皮(份),辣椒类,14:13:53.448,2.0,2.9,销售,否,2022-08-21,1.07
102900011032022,小皱皮(份),辣椒类,16:18:57.686,1.0,2.9,销售,否,2022-08-21,1.07
102900011032022,小皱皮(份),辣椒类,16:28:20.014,1.0,2.9,销售,否,2022-08-21,1.07
102900011032022,小皱皮(份),辣椒类,16:28:32.936,1.0,2.9,销售,否,2022-08-21,1.07
102900011032022,小皱皮(份),辣椒类,17:06:07.545,1.0,2.9,销售,否,2022-08-21,1.07
102900011032022,小皱皮(份),辣椒类,17:19:34.881,1.0,2.9,销售,否,2022-08-21,1.07
102900011032022,小皱皮(份),辣椒类,17:19:35.054,1.0,2.9,销售,否,2022-08-21,1.07
102900011032022,小皱皮(份),辣椒类,17:19:35.419,1.0,2.9,销售,否,2022-08-21,1.07
102900011032022,小皱皮(份),辣椒类,17:19:35.603,1.0,2.9,销售,否,2022-08-21,1.07
102900011032022,小皱皮(份),辣椒类,17:19:35.786,1.0,2.9,销售,否,2022-08-21,1.07
102900011032022,小皱皮(份),辣椒类,17:19:35.969,1.0,2.9,销售,否,2022-08-21,1.07
102900011032022,小皱皮(份),辣椒类,17:26:28.939,1.0,2.9,销售,否,2022-08-21,1.07
102900011032022,小皱皮(份),辣椒类,17:35:07.998,1.0,2.9,销售,否,2022-08-21,1.07
102900011032022,小皱皮(份),辣椒类,17:38:47.123,1.0,2.9,销售,否,2022-08-21,1.07
102900011032022,小皱皮(份),辣椒类,17:39:48.936,1.0,2.9,销售,否,2022-08-21,1.07
102900011032022,小皱皮(份),辣椒类,17:52:50.784,1.0,2.9,销售,否,2022-08-21,1.07
102900011032022,小皱皮(份),辣椒类,17:57:09.297,1.0,2.9,销售,否,2022-08-21,1.07
102900011032022,小皱皮(份),辣椒类,18:05:40.961,1.0,2.9,销售,否,2022-08-21,1.07
102900011032022,小皱皮(份),辣椒类,18:25:12.510,1.0,2.9,销售,否,2022-08-21,1.07
102900011032022,小皱皮(份),辣椒类,18:26:51.193,1.0,2.9,销售,否,2022-08-21,1.07
102900011032022,小皱皮(份),辣椒类,18:40:38.319,1.0,2.9,销售,否,2022-08-21,1.07
102900011032022,小皱皮(份),辣椒类,18:40:39.061,1.0,2.9,销售,否,2022-08-21,1.07
102900011032022,小皱皮(份),辣椒类,18:51:42.360,1.0,2.9,销售,否,2022-08-21,1.07
102900011032022,小皱皮(份),辣椒类,18:53:19.326,1.0,2.9,销售,否,2022-08-21,1.07
102900011032022,小皱皮(份),辣椒类,19:04:09.811,1.0,2.9,销售,否,2022-08-21,1.07
102900011032022,小皱皮(份),辣椒类,19:15:58.198,1.0,2.9,销售,否,2022-08-21,1.07
102900011032022,小皱皮(份),辣椒类,20:27:32.056,1.0,2.9,销售,否,2022-08-21,1.07
102900011032022,小皱皮(份),辣椒类,21:15:21.549,1.0,2.0,销售,是,2022-08-21,1.07
102900011032022,小皱皮(份),辣椒类,21:51:03.905,1.0,2.0,销售,是,2022-08-21,1.07
102900011032022,小皱皮(份),辣椒类,10:17:45.502,1.0,2.9,销售,否,2022-08-22,1.17
102900011032022,小皱皮(份),辣椒类,10:17:46.000,1.0,2.9,销售,否,2022-08-22,1.17
102900011032022,小皱皮(份),辣椒类,11:06:04.926,1.0,2.9,销售,否,2022-08-22,1.17
102900011032022,小皱皮(份),辣椒类,11:07:38.140,1.0,2.9,销售,否,2022-08-22,1.17
102900011032022,小皱皮(份),辣椒类,11:20:52.381,1.0,2.9,销售,否,2022-08-22,1.17
102900011032022,小皱皮(份),辣椒类,11:25:37.819,1.0,2.9,销售,否,2022-08-22,1.17
102900011032022,小皱皮(份),辣椒类,11:26:26.243,1.0,2.9,销售,否,2022-08-22,1.17
102900011032022,小皱皮(份),辣椒类,11:28:21.501,1.0,2.0,销售,是,2022-08-22,1.17
102900011032022,小皱皮(份),辣椒类,12:12:30.184,1.0,2.0,销售,是,2022-08-22,1.17
102900011032022,小皱皮(份),辣椒类,12:42:25.401,1.0,2.9,销售,否,2022-08-22,1.17
102900011032022,小皱皮(份),辣椒类,15:54:30.523,1.0,2.9,销售,否,2022-08-22,1.17
102900011032022,小皱皮(份),辣椒类,16:06:52.044,1.0,2.9,销售,否,2022-08-22,1.17
102900011032022,小皱皮(份),辣椒类,16:06:52.728,1.0,2.9,销售,否,2022-08-22,1.17
102900011032022,小皱皮(份),辣椒类,17:31:58.013,1.0,2.9,销售,否,2022-08-22,1.17
102900011032022,小皱皮(份),辣椒类,17:37:13.268,1.0,2.9,销售,否,2022-08-22,1.17
102900011032022,小皱皮(份),辣椒类,17:50:26.795,1.0,2.9,销售,否,2022-08-22,1.17
102900011032022,小皱皮(份),辣椒类,18:19:31.850,1.0,2.9,销售,否,2022-08-22,1.17
102900011032022,小皱皮(份),辣椒类,18:19:33.395,1.0,2.9,销售,否,2022-08-22,1.17
102900011032022,小皱皮(份),辣椒类,18:26:51.076,1.0,2.9,销售,否,2022-08-22,1.17
102900011032022,小皱皮(份),辣椒类,18:27:22.561,1.0,2.0,销售,是,2022-08-22,1.17
102900011032022,小皱皮(份),辣椒类,18:35:25.355,1.0,2.9,销售,否,2022-08-22,1.17
102900011032022,小皱皮(份),辣椒类,19:15:19.423,1.0,2.0,销售,是,2022-08-22,1.17
102900011032022,小皱皮(份),辣椒类,19:51:25.864,1.0,2.9,销售,否,2022-08-22,1.17
102900011032022,小皱皮(份),辣椒类,20:27:50.034,1.0,2.9,销售,否,2022-08-22,1.17
102900011032022,小皱皮(份),辣椒类,20:49:40.587,1.0,2.9,销售,否,2022-08-22,1.17
102900011032022,小皱皮(份),辣椒类,21:48:23.813,1.0,2.9,销售,否,2022-08-22,1.17
102900011032022,小皱皮(份),辣椒类,21:48:24.507,1.0,2.9,销售,否,2022-08-22,1.17
102900011032022,小皱皮(份),辣椒类,09:58:44.498,1.0,2.9,销售,否,2022-08-23,1.26
102900011032022,小皱皮(份),辣椒类,12:23:07.608,1.0,2.9,销售,否,2022-08-23,1.26
102900011032022,小皱皮(份),辣椒类,15:40:05.157,1.0,2.9,销售,否,2022-08-23,1.26
102900011032022,小皱皮(份),辣椒类,16:45:03.625,1.0,2.9,销售,否,2022-08-23,1.26
102900011032022,小皱皮(份),辣椒类,16:47:36.983,1.0,2.9,销售,否,2022-08-23,1.26
102900011032022,小皱皮(份),辣椒类,16:52:29.177,1.0,2.9,销售,否,2022-08-23,1.26
102900011032022,小皱皮(份),辣椒类,18:23:24.242,1.0,2.0,销售,是,2022-08-23,1.26
102900011032022,小皱皮(份),辣椒类,18:26:43.762,1.0,2.9,销售,否,2022-08-23,1.26
102900011032022,小皱皮(份),辣椒类,18:26:43.943,1.0,2.9,销售,否,2022-08-23,1.26
102900011032022,小皱皮(份),辣椒类,18:50:40.855,1.0,2.0,销售,是,2022-08-23,1.26
102900011032022,小皱皮(份),辣椒类,19:09:41.000,1.0,2.9,销售,否,2022-08-23,1.26
102900011032022,小皱皮(份),辣椒类,19:46:15.746,1.0,2.9,销售,否,2022-08-23,1.26
102900011032022,小皱皮(份),辣椒类,20:12:51.780,1.0,2.0,销售,是,2022-08-23,1.26
102900011032022,小皱皮(份),辣椒类,09:45:45.306,1.0,2.9,销售,否,2022-08-24,0.98
102900011032022,小皱皮(份),辣椒类,09:50:29.004,1.0,2.9,销售,否,2022-08-24,0.98
102900011032022,小皱皮(份),辣椒类,10:21:43.545,1.0,2.9,销售,否,2022-08-24,0.98
102900011032022,小皱皮(份),辣椒类,10:21:58.483,1.0,2.9,销售,否,2022-08-24,0.98
102900011032022,小皱皮(份),辣椒类,11:12:53.186,1.0,2.9,销售,否,2022-08-24,0.98
102900011032022,小皱皮(份),辣椒类,11:38:51.920,1.0,2.9,销售,否,2022-08-24,0.98
102900011032022,小皱皮(份),辣椒类,11:39:59.672,1.0,2.9,销售,否,2022-08-24,0.98
102900011032022,小皱皮(份),辣椒类,13:27:58.917,1.0,2.9,销售,否,2022-08-24,0.98
102900011032022,小皱皮(份),辣椒类,15:29:38.295,1.0,2.9,销售,否,2022-08-24,0.98
102900011032022,小皱皮(份),辣椒类,18:23:59.815,1.0,2.9,销售,否,2022-08-24,0.98
102900011032022,小皱皮(份),辣椒类,18:32:18.078,1.0,2.0,销售,是,2022-08-24,0.98
102900011032022,小皱皮(份),辣椒类,18:32:18.187,1.0,2.0,销售,是,2022-08-24,0.98
102900011032022,小皱皮(份),辣椒类,18:45:10.430,1.0,2.0,销售,是,2022-08-24,0.98
102900011032022,小皱皮(份),辣椒类,19:01:43.975,1.0,2.9,销售,否,2022-08-24,0.98
102900011032022,小皱皮(份),辣椒类,20:27:21.655,1.0,2.9,销售,否,2022-08-24,0.98
102900011032022,小皱皮(份),辣椒类,20:27:22.498,1.0,2.9,销售,否,2022-08-24,0.98
102900011032022,小皱皮(份),辣椒类,20:36:42.113,1.0,2.0,销售,是,2022-08-24,0.98
102900011032022,小皱皮(份),辣椒类,21:12:33.317,1.0,2.9,销售,否,2022-08-24,0.98
102900011032022,小皱皮(份),辣椒类,10:11:31.127,1.0,2.9,销售,否,2022-08-25,0.99
102900011032022,小皱皮(份),辣椒类,10:19:45.141,1.0,2.0,销售,是,2022-08-25,0.99
102900011032022,小皱皮(份),辣椒类,10:50:07.959,1.0,2.0,销售,是,2022-08-25,0.99
102900011032022,小皱皮(份),辣椒类,10:50:08.410,1.0,2.9,销售,否,2022-08-25,0.99
102900011032022,小皱皮(份),辣椒类,11:18:30.264,1.0,2.9,销售,否,2022-08-25,0.99
102900011032022,小皱皮(份),辣椒类,11:49:11.030,1.0,2.9,销售,否,2022-08-25,0.99
102900011032022,小皱皮(份),辣椒类,11:49:15.155,1.0,2.9,销售,否,2022-08-25,0.99
102900011032022,小皱皮(份),辣椒类,15:37:25.905,1.0,2.9,销售,否,2022-08-25,0.99
102900011032022,小皱皮(份),辣椒类,16:22:05.108,1.0,2.9,销售,否,2022-08-25,0.99
102900011032022,小皱皮(份),辣椒类,17:02:14.092,1.0,2.9,销售,否,2022-08-25,0.99
102900011032022,小皱皮(份),辣椒类,17:20:54.451,1.0,2.9,销售,否,2022-08-25,0.99
102900011032022,小皱皮(份),辣椒类,17:21:11.061,1.0,2.9,销售,否,2022-08-25,0.99
102900011032022,小皱皮(份),辣椒类,19:52:33.612,1.0,2.9,销售,否,2022-08-25,0.99
102900011032022,小皱皮(份),辣椒类,20:07:38.326,1.0,2.0,销售,是,2022-08-25,0.99
102900011032022,小皱皮(份),辣椒类,21:16:53.927,1.0,2.0,销售,是,2022-08-25,0.99
102900011032022,小皱皮(份),辣椒类,11:02:36.450,1.0,2.9,销售,否,2022-08-26,1.16
102900011032022,小皱皮(份),辣椒类,12:11:13.201,1.0,2.9,销售,否,2022-08-26,1.16
102900011032022,小皱皮(份),辣椒类,12:11:28.576,1.0,2.9,销售,否,2022-08-26,1.16
102900011032022,小皱皮(份),辣椒类,13:37:05.014,1.0,2.9,销售,否,2022-08-26,1.16
102900011032022,小皱皮(份),辣椒类,13:47:24.729,1.0,2.0,销售,是,2022-08-26,1.16
102900011032022,小皱皮(份),辣椒类,14:59:54.925,1.0,2.9,销售,否,2022-08-26,1.16
102900011032022,小皱皮(份),辣椒类,16:51:34.545,1.0,2.9,销售,否,2022-08-26,1.16
102900011032022,小皱皮(份),辣椒类,16:51:42.905,1.0,2.9,销售,否,2022-08-26,1.16
102900011032022,小皱皮(份),辣椒类,17:00:03.294,1.0,2.0,销售,是,2022-08-26,1.16
102900011032022,小皱皮(份),辣椒类,17:47:15.691,1.0,2.9,销售,否,2022-08-26,1.16
102900011032022,小皱皮(份),辣椒类,19:12:58.639,1.0,2.9,销售,否,2022-08-26,1.16
102900011032022,小皱皮(份),辣椒类,19:17:24.281,1.0,2.9,销售,否,2022-08-26,1.16
102900011032022,小皱皮(份),辣椒类,19:19:09.442,1.0,2.9,销售,否,2022-08-26,1.16
102900011032022,小皱皮(份),辣椒类,19:30:05.934,1.0,2.9,销售,否,2022-08-26,1.16
102900011032022,小皱皮(份),辣椒类,20:05:20.144,1.0,1.7,销售,是,2022-08-26,1.16
102900011032022,小皱皮(份),辣椒类,20:29:26.720,1.0,2.0,销售,是,2022-08-26,1.16
102900011032022,小皱皮(份),辣椒类,20:32:32.389,1.0,2.9,销售,否,2022-08-26,1.16
102900011032022,小皱皮(份),辣椒类,20:52:27.748,1.0,1.7,销售,是,2022-08-26,1.16
102900011032022,小皱皮(份),辣椒类,21:57:56.061,1.0,1.7,销售,是,2022-08-26,1.16
102900011032022,小皱皮(份),辣椒类,21:58:30.326,1.0,1.7,销售,是,2022-08-26,1.16
102900011032022,小皱皮(份),辣椒类,09:54:52.705,1.0,2.9,销售,否,2022-08-27,1.37
102900011032022,小皱皮(份),辣椒类,10:04:08.179,1.0,2.9,销售,否,2022-08-27,1.37
102900011032022,小皱皮(份),辣椒类,10:04:22.717,1.0,2.9,销售,否,2022-08-27,1.37
102900011032022,小皱皮(份),辣椒类,10:11:18.139,1.0,2.9,销售,否,2022-08-27,1.37
102900011032022,小皱皮(份),辣椒类,10:18:33.068,1.0,2.9,销售,否,2022-08-27,1.37
102900011032022,小皱皮(份),辣椒类,10:26:56.930,1.0,2.9,销售,否,2022-08-27,1.37
102900011032022,小皱皮(份),辣椒类,10:26:57.110,1.0,2.9,销售,否,2022-08-27,1.37
102900011032022,小皱皮(份),辣椒类,10:37:27.264,1.0,2.9,销售,否,2022-08-27,1.37
102900011032022,小皱皮(份),辣椒类,10:41:15.936,1.0,2.9,销售,否,2022-08-27,1.37
102900011032022,小皱皮(份),辣椒类,10:45:16.451,1.0,2.9,销售,否,2022-08-27,1.37
102900011032022,小皱皮(份),辣椒类,12:38:23.564,1.0,2.9,销售,否,2022-08-27,1.37
102900011032022,小皱皮(份),辣椒类,13:22:16.920,1.0,2.9,销售,否,2022-08-27,1.37
102900011032022,小皱皮(份),辣椒类,13:23:32.231,1.0,2.9,销售,否,2022-08-27,1.37
102900011032022,小皱皮(份),辣椒类,14:24:35.127,1.0,2.9,销售,否,2022-08-27,1.37
102900011032022,小皱皮(份),辣椒类,15:34:56.254,1.0,2.9,销售,否,2022-08-27,1.37
102900011032022,小皱皮(份),辣椒类,15:34:56.937,1.0,2.9,销售,否,2022-08-27,1.37
102900011032022,小皱皮(份),辣椒类,15:42:25.184,1.0,2.9,销售,否,2022-08-27,1.37
102900011032022,小皱皮(份),辣椒类,16:11:38.344,1.0,2.9,销售,否,2022-08-27,1.37
102900011032022,小皱皮(份),辣椒类,16:16:07.637,1.0,2.9,销售,否,2022-08-27,1.37
102900011032022,小皱皮(份),辣椒类,16:41:52.513,1.0,2.9,销售,否,2022-08-27,1.37
102900011032022,小皱皮(份),辣椒类,17:10:27.743,1.0,2.9,销售,否,2022-08-27,1.37
102900011032022,小皱皮(份),辣椒类,17:17:39.849,1.0,2.9,销售,否,2022-08-27,1.37
102900011032022,小皱皮(份),辣椒类,17:23:50.373,1.0,2.9,销售,否,2022-08-27,1.37
102900011032022,小皱皮(份),辣椒类,17:30:27.108,1.0,2.9,销售,否,2022-08-27,1.37
102900011032022,小皱皮(份),辣椒类,18:19:59.655,1.0,2.9,销售,否,2022-08-27,1.37
102900011032022,小皱皮(份),辣椒类,18:20:07.139,1.0,2.9,销售,否,2022-08-27,1.37
102900011032022,小皱皮(份),辣椒类,18:40:17.758,1.0,1.5,销售,是,2022-08-27,1.37
102900011032022,小皱皮(份),辣椒类,18:40:18.068,1.0,1.5,销售,是,2022-08-27,1.37
102900011032022,小皱皮(份),辣椒类,19:23:25.123,1.0,2.9,销售,否,2022-08-27,1.37
102900011032022,小皱皮(份),辣椒类,19:42:08.516,1.0,1.5,销售,是,2022-08-27,1.37
102900011032022,小皱皮(份),辣椒类,19:54:33.999,1.0,2.9,销售,否,2022-08-27,1.37
102900011032022,小皱皮(份),辣椒类,20:28:17.237,1.0,2.9,销售,否,2022-08-27,1.37
102900011032022,小皱皮(份),辣椒类,21:27:00.725,1.0,2.9,销售,否,2022-08-27,1.37
102900011032022,小皱皮(份),辣椒类,22:03:02.664,1.0,1.5,销售,是,2022-08-27,1.37
102900011032022,小皱皮(份),辣椒类,22:03:02.770,1.0,1.5,销售,是,2022-08-27,1.37
102900011032022,小皱皮(份),辣椒类,09:23:30.224,1.0,2.9,销售,否,2022-08-28,1.01
102900011032022,小皱皮(份),辣椒类,09:31:38.046,1.0,2.9,销售,否,2022-08-28,1.01
102900011032022,小皱皮(份),辣椒类,09:44:45.296,1.0,2.9,销售,否,2022-08-28,1.01
102900011032022,小皱皮(份),辣椒类,10:08:55.828,1.0,2.9,销售,否,2022-08-28,1.01
102900011032022,小皱皮(份),辣椒类,10:16:43.242,1.0,2.9,销售,否,2022-08-28,1.01
102900011032022,小皱皮(份),辣椒类,10:33:55.421,1.0,2.9,销售,否,2022-08-28,1.01
102900011032022,小皱皮(份),辣椒类,10:49:03.332,1.0,2.9,销售,否,2022-08-28,1.01
102900011032022,小皱皮(份),辣椒类,10:56:29.805,1.0,2.9,销售,否,2022-08-28,1.01
102900011032022,小皱皮(份),辣椒类,11:07:37.845,1.0,2.9,销售,否,2022-08-28,1.01
102900011032022,小皱皮(份),辣椒类,11:07:38.021,1.0,2.9,销售,否,2022-08-28,1.01
102900011032022,小皱皮(份),辣椒类,11:08:33.843,1.0,2.9,销售,否,2022-08-28,1.01
102900011032022,小皱皮(份),辣椒类,11:10:22.625,1.0,2.9,销售,否,2022-08-28,1.01
102900011032022,小皱皮(份),辣椒类,11:18:47.013,1.0,2.9,销售,否,2022-08-28,1.01
102900011032022,小皱皮(份),辣椒类,11:21:01.666,1.0,2.9,销售,否,2022-08-28,1.01
102900011032022,小皱皮(份),辣椒类,11:21:01.847,1.0,2.9,销售,否,2022-08-28,1.01
102900011032022,小皱皮(份),辣椒类,12:25:53.777,1.0,2.9,销售,否,2022-08-28,1.01
102900011032022,小皱皮(份),辣椒类,12:27:21.159,1.0,2.9,销售,否,2022-08-28,1.01
102900011032022,小皱皮(份),辣椒类,12:43:42.609,1.0,2.9,销售,否,2022-08-28,1.01
102900011032022,小皱皮(份),辣椒类,12:43:44.828,1.0,2.9,销售,否,2022-08-28,1.01
102900011032022,小皱皮(份),辣椒类,12:43:51.937,1.0,2.9,销售,否,2022-08-28,1.01
102900011032022,小皱皮(份),辣椒类,13:38:30.498,1.0,2.9,销售,否,2022-08-28,1.01
102900011032022,小皱皮(份),辣椒类,14:23:43.079,1.0,2.9,销售,否,2022-08-28,1.01
102900011032022,小皱皮(份),辣椒类,14:23:43.260,1.0,2.9,销售,否,2022-08-28,1.01
102900011032022,小皱皮(份),辣椒类,14:23:43.441,1.0,2.9,销售,否,2022-08-28,1.01
102900011032022,小皱皮(份),辣椒类,14:32:06.326,1.0,2.9,销售,否,2022-08-28,1.01
102900011032022,小皱皮(份),辣椒类,16:04:29.015,1.0,2.9,销售,否,2022-08-28,1.01
102900011032022,小皱皮(份),辣椒类,16:30:07.326,1.0,2.9,销售,否,2022-08-28,1.01
102900011032022,小皱皮(份),辣椒类,17:09:10.491,1.0,1.5,销售,是,2022-08-28,1.01
102900011032022,小皱皮(份),辣椒类,17:23:06.515,1.0,1.5,销售,是,2022-08-28,1.01
102900011032022,小皱皮(份),辣椒类,17:23:07.500,1.0,1.5,销售,是,2022-08-28,1.01
102900011032022,小皱皮(份),辣椒类,17:40:30.266,1.0,1.5,销售,是,2022-08-28,1.01
102900011032022,小皱皮(份),辣椒类,17:56:52.282,1.0,2.9,销售,否,2022-08-28,1.01
102900011032022,小皱皮(份),辣椒类,10:37:10.027,1.0,2.9,销售,否,2022-08-29,0.43
102900011032022,小皱皮(份),辣椒类,09:37:52.311,1.0,2.9,销售,否,2022-08-30,1.1
102900011032022,小皱皮(份),辣椒类,10:17:12.266,1.0,2.9,销售,否,2022-08-30,1.1
102900011032022,小皱皮(份),辣椒类,10:17:55.365,1.0,2.9,销售,否,2022-08-30,1.1
102900011032022,小皱皮(份),辣椒类,10:33:24.766,1.0,2.9,销售,否,2022-08-30,1.1
102900011032022,小皱皮(份),辣椒类,10:39:09.477,1.0,2.9,销售,否,2022-08-30,1.1
102900011032022,小皱皮(份),辣椒类,10:53:25.784,1.0,2.9,销售,否,2022-08-30,1.1
102900011032022,小皱皮(份),辣椒类,11:51:46.031,1.0,2.9,销售,否,2022-08-30,1.1
102900011032022,小皱皮(份),辣椒类,14:53:57.436,1.0,2.9,销售,否,2022-08-30,1.1
102900011032022,小皱皮(份),辣椒类,09:12:02.236,1.0,2.9,销售,否,2022-08-31,1.16
102900011032022,小皱皮(份),辣椒类,09:51:26.075,1.0,2.9,销售,否,2022-08-31,1.16
102900011032022,小皱皮(份),辣椒类,09:54:34.211,1.0,2.9,销售,否,2022-08-31,1.16
102900011032022,小皱皮(份),辣椒类,10:03:34.585,1.0,2.9,销售,否,2022-08-31,1.16
102900011032022,小皱皮(份),辣椒类,10:03:57.292,1.0,2.9,销售,否,2022-08-31,1.16
102900011032022,小皱皮(份),辣椒类,10:17:44.179,1.0,2.9,销售,否,2022-08-31,1.16
102900011032022,小皱皮(份),辣椒类,11:21:19.505,1.0,2.9,销售,否,2022-08-31,1.16
102900011032022,小皱皮(份),辣椒类,11:47:10.498,1.0,2.9,销售,否,2022-08-31,1.16
102900011032022,小皱皮(份),辣椒类,11:54:22.934,1.0,2.9,销售,否,2022-08-31,1.16
102900011032022,小皱皮(份),辣椒类,12:56:55.139,1.0,2.9,销售,否,2022-08-31,1.16
102900011032022,小皱皮(份),辣椒类,13:18:38.406,1.0,2.9,销售,否,2022-08-31,1.16
102900011032022,小皱皮(份),辣椒类,19:42:43.873,1.0,2.9,销售,否,2022-08-31,1.16
102900011032022,小皱皮(份),辣椒类,19:48:46.811,1.0,2.9,销售,否,2022-08-31,1.16
102900011032022,小皱皮(份),辣椒类,20:04:56.264,1.0,1.7,销售,是,2022-08-31,1.16
102900011032022,小皱皮(份),辣椒类,20:31:33.967,1.0,1.7,销售,是,2022-08-31,1.16
102900011032022,小皱皮(份),辣椒类,20:31:36.530,1.0,1.7,销售,是,2022-08-31,1.16
102900011032022,小皱皮(份),辣椒类,20:33:40.626,1.0,1.7,销售,是,2022-08-31,1.16
102900011032022,小皱皮(份),辣椒类,20:38:17.860,1.0,2.9,销售,否,2022-08-31,1.16
102900011032022,小皱皮(份),辣椒类,20:45:25.174,1.0,1.7,销售,是,2022-08-31,1.16
102900011032022,小皱皮(份),辣椒类,09:38:53.443,1.0,2.9,销售,否,2022-09-01,1.42
102900011032022,小皱皮(份),辣椒类,09:45:53.414,1.0,2.9,销售,否,2022-09-01,1.42
102900011032022,小皱皮(份),辣椒类,09:45:53.601,1.0,2.9,销售,否,2022-09-01,1.42
102900011032022,小皱皮(份),辣椒类,09:52:44.183,1.0,2.9,销售,否,2022-09-01,1.42
102900011032022,小皱皮(份),辣椒类,10:28:43.093,1.0,2.9,销售,否,2022-09-01,1.42
102900011032022,小皱皮(份),辣椒类,11:45:55.983,1.0,2.9,销售,否,2022-09-01,1.42
102900011032022,小皱皮(份),辣椒类,16:28:45.733,1.0,2.9,销售,否,2022-09-01,1.42
102900011032022,小皱皮(份),辣椒类,16:35:07.783,1.0,2.9,销售,否,2022-09-01,1.42
102900011032022,小皱皮(份),辣椒类,16:36:44.967,1.0,2.9,销售,否,2022-09-01,1.42
102900011032022,小皱皮(份),辣椒类,17:26:00.576,1.0,2.9,销售,否,2022-09-01,1.42
102900011032022,小皱皮(份),辣椒类,17:41:32.201,1.0,2.9,销售,否,2022-09-01,1.42
102900011032022,小皱皮(份),辣椒类,19:01:47.428,1.0,2.3,销售,是,2022-09-01,1.42
102900011032022,小皱皮(份),辣椒类,19:01:47.534,1.0,2.9,销售,否,2022-09-01,1.42
102900011032022,小皱皮(份),辣椒类,19:32:47.451,1.0,1.7,销售,是,2022-09-01,1.42
102900011032022,小皱皮(份),辣椒类,19:39:06.564,1.0,1.7,销售,是,2022-09-01,1.42
102900011032022,小皱皮(份),辣椒类,20:21:26.322,1.0,2.9,销售,否,2022-09-01,1.42
102900011032022,小皱皮(份),辣椒类,20:36:55.389,1.0,1.7,销售,是,2022-09-01,1.42
102900011032022,小皱皮(份),辣椒类,20:42:24.838,1.0,1.7,销售,是,2022-09-01,1.42
102900011032022,小皱皮(份),辣椒类,20:43:55.248,1.0,2.3,销售,是,2022-09-01,1.42
102900011032022,小皱皮(份),辣椒类,21:10:22.476,1.0,1.7,销售,是,2022-09-01,1.42
102900011032022,小皱皮(份),辣椒类,09:54:38.238,1.0,2.9,销售,否,2022-09-02,1.68
102900011032022,小皱皮(份),辣椒类,10:10:24.682,1.0,2.9,销售,否,2022-09-02,1.68
102900011032022,小皱皮(份),辣椒类,10:10:24.865,1.0,2.9,销售,否,2022-09-02,1.68
102900011032022,小皱皮(份),辣椒类,12:57:42.905,1.0,2.9,销售,否,2022-09-02,1.68
102900011032022,小皱皮(份),辣椒类,12:57:45.155,1.0,2.9,销售,否,2022-09-02,1.68
102900011032022,小皱皮(份),辣椒类,15:45:48.873,1.0,2.9,销售,否,2022-09-02,1.68
102900011032022,小皱皮(份),辣椒类,17:35:12.906,1.0,1.7,销售,是,2022-09-02,1.68
102900011032022,小皱皮(份),辣椒类,18:11:15.401,1.0,2.9,销售,否,2022-09-02,1.68
102900011032022,小皱皮(份),辣椒类,18:26:15.144,1.0,1.7,销售,是,2022-09-02,1.68
102900011032022,小皱皮(份),辣椒类,18:30:01.770,1.0,2.9,销售,否,2022-09-02,1.68
102900011032022,小皱皮(份),辣椒类,18:56:13.872,1.0,2.9,销售,否,2022-09-02,1.68
102900011032022,小皱皮(份),辣椒类,19:13:06.322,1.0,1.7,销售,是,2022-09-02,1.68
102900011032022,小皱皮(份),辣椒类,19:47:28.627,1.0,2.9,销售,否,2022-09-02,1.68
102900011032022,小皱皮(份),辣椒类,19:47:28.824,1.0,2.9,销售,否,2022-09-02,1.68
102900011032022,小皱皮(份),辣椒类,20:21:04.530,1.0,2.9,销售,否,2022-09-02,1.68
102900011032022,小皱皮(份),辣椒类,20:42:59.233,1.0,2.9,销售,否,2022-09-02,1.68
102900011032022,小皱皮(份),辣椒类,20:46:16.201,1.0,2.9,销售,否,2022-09-02,1.68
102900011032022,小皱皮(份),辣椒类,21:08:57.952,1.0,1.7,销售,是,2022-09-02,1.68
102900011032022,小皱皮(份),辣椒类,10:23:00.565,1.0,2.9,销售,否,2022-09-03,1.4
102900011032022,小皱皮(份),辣椒类,10:52:32.704,1.0,2.9,销售,否,2022-09-03,1.4
102900011032022,小皱皮(份),辣椒类,11:06:49.085,1.0,2.9,销售,否,2022-09-03,1.4
102900011032022,小皱皮(份),辣椒类,11:47:27.207,1.0,2.9,销售,否,2022-09-03,1.4
102900011032022,小皱皮(份),辣椒类,14:30:33.391,1.0,2.9,销售,否,2022-09-03,1.4
102900011032022,小皱皮(份),辣椒类,14:30:33.718,1.0,2.9,销售,否,2022-09-03,1.4
102900011032022,小皱皮(份),辣椒类,14:49:43.907,1.0,2.9,销售,否,2022-09-03,1.4
102900011032022,小皱皮(份),辣椒类,15:00:14.771,1.0,2.9,销售,否,2022-09-03,1.4
102900011032022,小皱皮(份),辣椒类,16:05:20.544,1.0,2.9,销售,否,2022-09-03,1.4
102900011032022,小皱皮(份),辣椒类,16:37:12.181,1.0,2.9,销售,否,2022-09-03,1.4
102900011032022,小皱皮(份),辣椒类,16:40:05.274,1.0,2.9,销售,否,2022-09-03,1.4
102900011032022,小皱皮(份),辣椒类,16:52:07.686,1.0,2.9,销售,否,2022-09-03,1.4
102900011032022,小皱皮(份),辣椒类,16:58:06.037,1.0,2.9,销售,否,2022-09-03,1.4
102900011032022,小皱皮(份),辣椒类,17:50:49.574,1.0,2.9,销售,否,2022-09-03,1.4
102900011032022,小皱皮(份),辣椒类,18:13:57.014,1.0,2.9,销售,否,2022-09-03,1.4
102900011032022,小皱皮(份),辣椒类,20:42:29.989,1.0,1.7,销售,是,2022-09-03,1.4
102900011032022,小皱皮(份),辣椒类,21:15:31.281,1.0,1.7,销售,是,2022-09-03,1.4
102900011032022,小皱皮(份),辣椒类,21:40:53.303,1.0,1.7,销售,是,2022-09-03,1.4
102900011032022,小皱皮(份),辣椒类,21:53:12.112,1.0,1.7,销售,是,2022-09-03,1.4
102900011032022,小皱皮(份),辣椒类,21:53:12.216,1.0,1.7,销售,是,2022-09-03,1.4
102900011032022,小皱皮(份),辣椒类,09:25:49.316,1.0,2.9,销售,否,2022-09-04,1.42
102900011032022,小皱皮(份),辣椒类,09:34:48.483,1.0,2.9,销售,否,2022-09-04,1.42
102900011032022,小皱皮(份),辣椒类,09:48:34.894,1.0,2.9,销售,否,2022-09-04,1.42
102900011032022,小皱皮(份),辣椒类,09:52:38.119,1.0,2.9,销售,否,2022-09-04,1.42
102900011032022,小皱皮(份),辣椒类,10:05:38.167,1.0,2.9,销售,否,2022-09-04,1.42
102900011032022,小皱皮(份),辣椒类,10:29:39.326,1.0,2.9,销售,否,2022-09-04,1.42
102900011032022,小皱皮(份),辣椒类,10:52:17.000,1.0,2.9,销售,否,2022-09-04,1.42
102900011032022,小皱皮(份),辣椒类,12:41:43.685,1.0,2.9,销售,否,2022-09-04,1.42
102900011032022,小皱皮(份),辣椒类,14:29:54.795,1.0,2.9,销售,否,2022-09-04,1.42
102900011032022,小皱皮(份),辣椒类,15:42:02.920,1.0,2.9,销售,否,2022-09-04,1.42
102900011032022,小皱皮(份),辣椒类,16:06:17.483,1.0,2.9,销售,否,2022-09-04,1.42
102900011032022,小皱皮(份),辣椒类,16:39:57.291,1.0,2.9,销售,否,2022-09-04,1.42
102900011032022,小皱皮(份),辣椒类,17:01:52.175,1.0,2.9,销售,否,2022-09-04,1.42
102900011032022,小皱皮(份),辣椒类,17:02:59.693,1.0,2.9,销售,否,2022-09-04,1.42
102900011032022,小皱皮(份),辣椒类,17:21:37.456,1.0,2.9,销售,否,2022-09-04,1.42
102900011032022,小皱皮(份),辣椒类,17:26:34.295,1.0,2.9,销售,否,2022-09-04,1.42
102900011032022,小皱皮(份),辣椒类,17:27:11.186,1.0,2.9,销售,否,2022-09-04,1.42
102900011032022,小皱皮(份),辣椒类,18:14:36.317,1.0,2.9,销售,否,2022-09-04,1.42
102900011032022,小皱皮(份),辣椒类,18:14:36.504,1.0,2.9,销售,否,2022-09-04,1.42
102900011032022,小皱皮(份),辣椒类,19:07:49.373,1.0,2.9,销售,否,2022-09-04,1.42
102900011032022,小皱皮(份),辣椒类,19:07:51.061,1.0,2.9,销售,否,2022-09-04,1.42
102900011032022,小皱皮(份),辣椒类,19:36:53.430,1.0,1.7,销售,是,2022-09-04,1.42
102900011032022,小皱皮(份),辣椒类,19:54:51.501,1.0,1.7,销售,是,2022-09-04,1.42
102900011032022,小皱皮(份),辣椒类,19:58:58.437,1.0,1.7,销售,是,2022-09-04,1.42
102900011032022,小皱皮(份),辣椒类,20:08:02.594,1.0,1.7,销售,是,2022-09-04,1.42
102900011032022,小皱皮(份),辣椒类,09:58:05.619,1.0,2.9,销售,否,2022-09-05,1.54
102900011032022,小皱皮(份),辣椒类,09:58:52.159,1.0,2.9,销售,否,2022-09-05,1.54
102900011032022,小皱皮(份),辣椒类,11:11:43.211,1.0,2.9,销售,否,2022-09-05,1.54
102900011032022,小皱皮(份),辣椒类,11:25:00.608,1.0,2.9,销售,否,2022-09-05,1.54
102900011032022,小皱皮(份),辣椒类,12:25:02.155,1.0,2.9,销售,否,2022-09-05,1.54
102900011032022,小皱皮(份),辣椒类,12:35:17.297,1.0,2.9,销售,否,2022-09-05,1.54
102900011032022,小皱皮(份),辣椒类,13:14:32.929,1.0,2.9,销售,否,2022-09-05,1.54
102900011032022,小皱皮(份),辣椒类,15:51:33.905,1.0,2.9,销售,否,2022-09-05,1.54
102900011032022,小皱皮(份),辣椒类,16:15:08.264,1.0,2.9,销售,否,2022-09-05,1.54
102900011032022,小皱皮(份),辣椒类,16:57:45.105,1.0,2.9,销售,否,2022-09-05,1.54
102900011032022,小皱皮(份),辣椒类,17:29:43.427,1.0,2.9,销售,否,2022-09-05,1.54
102900011032022,小皱皮(份),辣椒类,17:33:02.670,1.0,2.9,销售,否,2022-09-05,1.54
102900011032022,小皱皮(份),辣椒类,17:47:27.998,1.0,2.9,销售,否,2022-09-05,1.54
102900011032022,小皱皮(份),辣椒类,17:56:05.398,1.0,2.9,销售,否,2022-09-05,1.54
102900011032022,小皱皮(份),辣椒类,18:23:02.153,1.0,2.9,销售,否,2022-09-05,1.54
102900011032022,小皱皮(份),辣椒类,19:28:57.008,1.0,2.9,销售,否,2022-09-05,1.54
102900011032022,小皱皮(份),辣椒类,20:21:42.990,1.0,1.7,销售,是,2022-09-05,1.54
102900011032022,小皱皮(份),辣椒类,20:21:43.104,1.0,1.7,销售,是,2022-09-05,1.54
102900011032022,小皱皮(份),辣椒类,20:57:02.017,1.0,1.7,销售,是,2022-09-05,1.54
102900011032022,小皱皮(份),辣椒类,20:57:02.123,1.0,1.7,销售,是,2022-09-05,1.54
102900011032022,小皱皮(份),辣椒类,21:06:45.140,1.0,1.7,销售,是,2022-09-05,1.54
102900011032022,小皱皮(份),辣椒类,21:37:23.564,1.0,1.7,销售,是,2022-09-05,1.54
102900011032022,小皱皮(份),辣椒类,09:36:48.905,1.0,3.5,销售,否,2022-09-06,1.62
102900011032022,小皱皮(份),辣椒类,09:48:13.395,1.0,3.5,销售,否,2022-09-06,1.62
102900011032022,小皱皮(份),辣椒类,11:09:54.119,1.0,3.5,销售,否,2022-09-06,1.62
102900011032022,小皱皮(份),辣椒类,13:17:17.979,1.0,3.5,销售,否,2022-09-06,1.62
102900011032022,小皱皮(份),辣椒类,13:52:57.733,1.0,3.5,销售,否,2022-09-06,1.62
102900011032022,小皱皮(份),辣椒类,15:35:03.764,1.0,3.5,销售,否,2022-09-06,1.62
102900011032022,小皱皮(份),辣椒类,15:47:03.983,1.0,3.5,销售,否,2022-09-06,1.62
102900011032022,小皱皮(份),辣椒类,15:47:25.983,1.0,3.5,销售,否,2022-09-06,1.62
102900011032022,小皱皮(份),辣椒类,15:48:30.406,1.0,3.5,销售,否,2022-09-06,1.62
102900011032022,小皱皮(份),辣椒类,16:13:40.279,1.0,3.5,销售,否,2022-09-06,1.62
102900011032022,小皱皮(份),辣椒类,16:33:25.942,1.0,3.5,销售,否,2022-09-06,1.62
102900011032022,小皱皮(份),辣椒类,17:37:57.077,1.0,3.5,销售,否,2022-09-06,1.62
102900011032022,小皱皮(份),辣椒类,18:01:56.358,1.0,3.5,销售,否,2022-09-06,1.62
102900011032022,小皱皮(份),辣椒类,18:12:27.719,1.0,3.5,销售,否,2022-09-06,1.62
102900011032022,小皱皮(份),辣椒类,18:13:54.358,1.0,3.5,销售,否,2022-09-06,1.62
102900011032022,小皱皮(份),辣椒类,19:17:08.746,1.0,2.1,销售,是,2022-09-06,1.62
102900011032022,小皱皮(份),辣椒类,20:25:23.744,1.0,2.1,销售,是,2022-09-06,1.62
102900011032022,小皱皮(份),辣椒类,20:48:09.156,1.0,3.5,销售,否,2022-09-06,1.62
102900011032022,小皱皮(份),辣椒类,20:52:49.061,1.0,2.1,销售,是,2022-09-06,1.62
102900011032022,小皱皮(份),辣椒类,21:09:24.988,1.0,3.5,销售,否,2022-09-06,1.62
102900011032022,小皱皮(份),辣椒类,10:28:43.436,1.0,3.5,销售,否,2022-09-07,1.98
102900011032022,小皱皮(份),辣椒类,11:56:25.946,1.0,3.5,销售,否,2022-09-07,1.98
102900011032022,小皱皮(份),辣椒类,17:10:14.467,1.0,3.5,销售,否,2022-09-07,1.98
102900011032022,小皱皮(份),辣椒类,21:19:24.392,1.0,3.5,销售,否,2022-09-07,1.98
102900011032022,小皱皮(份),辣椒类,21:19:25.775,1.0,3.5,销售,否,2022-09-07,1.98
102900011032022,小皱皮(份),辣椒类,10:19:51.364,1.0,3.5,销售,否,2022-09-08,1.98
102900011032022,小皱皮(份),辣椒类,12:32:26.936,1.0,3.5,销售,否,2022-09-08,1.98
102900011032022,小皱皮(份),辣椒类,16:37:39.430,1.0,3.5,销售,否,2022-09-08,1.98
102900011032022,小皱皮(份),辣椒类,09:15:38.100,1.0,3.5,销售,否,2022-09-09,1.78
102900011032022,小皱皮(份),辣椒类,10:21:42.002,1.0,3.5,销售,否,2022-09-09,1.78
102900011032022,小皱皮(份),辣椒类,10:29:34.307,1.0,3.5,销售,否,2022-09-09,1.78
102900011032022,小皱皮(份),辣椒类,10:29:34.480,1.0,3.5,销售,否,2022-09-09,1.78
102900011032022,小皱皮(份),辣椒类,11:01:01.717,1.0,3.5,销售,否,2022-09-09,1.78
102900011032022,小皱皮(份),辣椒类,11:10:29.327,1.0,3.5,销售,否,2022-09-09,1.78
102900011032022,小皱皮(份),辣椒类,11:12:37.850,1.0,3.5,销售,否,2022-09-09,1.78
102900011032022,小皱皮(份),辣椒类,11:18:00.436,1.0,3.5,销售,否,2022-09-09,1.78
102900011032022,小皱皮(份),辣椒类,11:19:29.368,1.0,3.5,销售,否,2022-09-09,1.78
102900011032022,小皱皮(份),辣椒类,11:25:55.310,1.0,3.5,销售,否,2022-09-09,1.78
102900011032022,小皱皮(份),辣椒类,11:25:55.495,1.0,3.5,销售,否,2022-09-09,1.78
102900011032022,小皱皮(份),辣椒类,12:15:20.217,-1.0,3.5,退货,否,2022-09-09,1.78
102900011032022,小皱皮(份),辣椒类,14:42:21.279,1.0,3.5,销售,否,2022-09-09,1.78
102900011032022,小皱皮(份),辣椒类,16:08:17.123,1.0,3.5,销售,否,2022-09-09,1.78
102900011032022,小皱皮(份),辣椒类,16:24:03.764,1.0,3.5,销售,否,2022-09-09,1.78
102900011032022,小皱皮(份),辣椒类,19:05:55.295,1.0,3.5,销售,否,2022-09-09,1.78
102900011032022,小皱皮(份),辣椒类,19:36:44.030,1.0,3.5,销售,否,2022-09-09,1.78
102900011032022,小皱皮(份),辣椒类,19:41:05.152,1.0,2.5,销售,是,2022-09-09,1.78
102900011032022,小皱皮(份),辣椒类,19:57:37.924,1.0,2.5,销售,是,2022-09-09,1.78
102900011032022,小皱皮(份),辣椒类,20:33:00.187,1.0,3.5,销售,否,2022-09-09,1.78
102900011032022,小皱皮(份),辣椒类,21:04:08.733,1.0,3.5,销售,否,2022-09-09,1.78
102900011032022,小皱皮(份),辣椒类,22:07:19.797,1.0,2.5,销售,是,2022-09-09,1.78
102900011032022,小皱皮(份),辣椒类,09:32:16.725,1.0,3.5,销售,否,2022-09-10,1.6
102900011032022,小皱皮(份),辣椒类,09:37:54.248,1.0,3.5,销售,否,2022-09-10,1.6
102900011032022,小皱皮(份),辣椒类,09:48:35.217,1.0,3.5,销售,否,2022-09-10,1.6
102900011032022,小皱皮(份),辣椒类,10:00:54.597,1.0,3.5,销售,否,2022-09-10,1.6
102900011032022,小皱皮(份),辣椒类,10:22:39.511,1.0,3.5,销售,否,2022-09-10,1.6
102900011032022,小皱皮(份),辣椒类,10:38:00.120,1.0,3.5,销售,否,2022-09-10,1.6
102900011032022,小皱皮(份),辣椒类,10:40:55.865,1.0,3.5,销售,否,2022-09-10,1.6
102900011032022,小皱皮(份),辣椒类,10:47:16.423,1.0,3.5,销售,否,2022-09-10,1.6
102900011032022,小皱皮(份),辣椒类,11:04:04.512,1.0,3.5,销售,否,2022-09-10,1.6
102900011032022,小皱皮(份),辣椒类,12:07:52.159,1.0,3.5,销售,否,2022-09-10,1.6
102900011032022,小皱皮(份),辣椒类,12:18:19.824,1.0,3.5,销售,否,2022-09-10,1.6
102900011032022,小皱皮(份),辣椒类,14:20:13.250,1.0,3.5,销售,否,2022-09-10,1.6
102900011032022,小皱皮(份),辣椒类,15:15:50.162,1.0,3.5,销售,否,2022-09-10,1.6
102900011032022,小皱皮(份),辣椒类,15:19:55.530,1.0,3.5,销售,否,2022-09-10,1.6
102900011032022,小皱皮(份),辣椒类,15:19:56.858,1.0,3.5,销售,否,2022-09-10,1.6
102900011032022,小皱皮(份),辣椒类,15:47:43.123,1.0,3.5,销售,否,2022-09-10,1.6
102900011032022,小皱皮(份),辣椒类,15:48:02.139,1.0,3.5,销售,否,2022-09-10,1.6
102900011032022,小皱皮(份),辣椒类,16:00:24.389,1.0,3.5,销售,否,2022-09-10,1.6
102900011032022,小皱皮(份),辣椒类,17:48:31.344,1.0,3.5,销售,否,2022-09-10,1.6
102900011032022,小皱皮(份),辣椒类,17:57:36.842,1.0,3.5,销售,否,2022-09-10,1.6
102900011032022,小皱皮(份),辣椒类,17:57:42.639,1.0,3.5,销售,否,2022-09-10,1.6
102900011032022,小皱皮(份),辣椒类,18:08:44.530,1.0,3.5,销售,否,2022-09-10,1.6
102900011032022,小皱皮(份),辣椒类,18:19:08.608,1.0,3.5,销售,否,2022-09-10,1.6
102900011032022,小皱皮(份),辣椒类,18:44:27.700,1.0,3.5,销售,否,2022-09-10,1.6
102900011032022,小皱皮(份),辣椒类,20:40:01.139,1.0,3.5,销售,否,2022-09-10,1.6
102900011032022,小皱皮(份),辣椒类,21:08:01.001,1.0,2.1,销售,是,2022-09-10,1.6
102900011032022,小皱皮(份),辣椒类,21:24:59.176,1.0,2.1,销售,是,2022-09-10,1.6
102900011032022,小皱皮(份),辣椒类,21:25:26.946,1.0,2.1,销售,是,2022-09-10,1.6
102900011032022,小皱皮(份),辣椒类,21:48:37.555,1.0,2.1,销售,是,2022-09-10,1.6
102900011032022,小皱皮(份),辣椒类,10:59:45.639,1.0,3.5,销售,否,2022-09-11,1.45
102900011032022,小皱皮(份),辣椒类,11:00:58.689,1.0,3.5,销售,否,2022-09-11,1.45
102900011032022,小皱皮(份),辣椒类,11:29:31.601,1.0,3.5,销售,否,2022-09-11,1.45
102900011032022,小皱皮(份),辣椒类,14:06:04.470,1.0,3.5,销售,否,2022-09-11,1.45
102900011032022,小皱皮(份),辣椒类,15:34:44.248,1.0,3.5,销售,否,2022-09-11,1.45
102900011032022,小皱皮(份),辣椒类,09:27:36.275,1.0,3.5,销售,否,2022-09-12,1.51
102900011032022,小皱皮(份),辣椒类,09:35:20.185,1.0,3.5,销售,否,2022-09-12,1.51
102900011032022,小皱皮(份),辣椒类,09:35:46.085,1.0,3.5,销售,否,2022-09-12,1.51
102900011032022,小皱皮(份),辣椒类,09:50:04.428,1.0,3.5,销售,否,2022-09-12,1.51
102900011032022,小皱皮(份),辣椒类,09:50:32.292,1.0,3.5,销售,否,2022-09-12,1.51
102900011032022,小皱皮(份),辣椒类,10:20:55.815,1.0,3.5,销售,否,2022-09-12,1.51
102900011032022,小皱皮(份),辣椒类,10:31:31.013,1.0,3.5,销售,否,2022-09-12,1.51
102900011032022,小皱皮(份),辣椒类,10:34:29.873,1.0,3.5,销售,否,2022-09-12,1.51
102900011032022,小皱皮(份),辣椒类,10:34:36.326,1.0,3.5,销售,否,2022-09-12,1.51
102900011032022,小皱皮(份),辣椒类,10:42:48.361,1.0,3.5,销售,否,2022-09-12,1.51
102900011032022,小皱皮(份),辣椒类,10:47:56.611,1.0,3.5,销售,否,2022-09-12,1.51
102900011032022,小皱皮(份),辣椒类,11:52:02.971,1.0,3.5,销售,否,2022-09-12,1.51
102900011032022,小皱皮(份),辣椒类,12:10:25.764,1.0,3.5,销售,否,2022-09-12,1.51
102900011032022,小皱皮(份),辣椒类,12:52:40.951,1.0,3.5,销售,否,2022-09-12,1.51
102900011032022,小皱皮(份),辣椒类,12:56:24.826,1.0,3.5,销售,否,2022-09-12,1.51
102900011032022,小皱皮(份),辣椒类,15:56:29.861,1.0,3.5,销售,否,2022-09-12,1.51
102900011032022,小皱皮(份),辣椒类,15:59:17.021,1.0,3.5,销售,否,2022-09-12,1.51
102900011032022,小皱皮(份),辣椒类,16:15:13.780,1.0,3.5,销售,否,2022-09-12,1.51
102900011032022,小皱皮(份),辣椒类,16:36:21.860,1.0,3.5,销售,否,2022-09-12,1.51
102900011032022,小皱皮(份),辣椒类,18:40:41.559,1.0,3.5,销售,否,2022-09-12,1.51
102900011032022,小皱皮(份),辣椒类,19:05:11.071,1.0,3.5,销售,否,2022-09-12,1.51
102900011032022,小皱皮(份),辣椒类,19:47:16.545,1.0,3.5,销售,否,2022-09-12,1.51
102900011032022,小皱皮(份),辣椒类,10:18:11.112,1.0,3.5,销售,否,2022-09-13,1.66
102900011032022,小皱皮(份),辣椒类,10:59:08.451,1.0,3.5,销售,否,2022-09-13,1.66
102900011032022,小皱皮(份),辣椒类,12:17:29.958,1.0,3.5,销售,否,2022-09-13,1.66
102900011032022,小皱皮(份),辣椒类,12:44:47.294,1.0,3.5,销售,否,2022-09-13,1.66
102900011032022,小皱皮(份),辣椒类,16:27:41.471,1.0,3.5,销售,否,2022-09-13,1.66
102900011032022,小皱皮(份),辣椒类,09:34:14.608,1.0,3.5,销售,否,2022-09-15,2.05
102900011032022,小皱皮(份),辣椒类,09:34:16.014,1.0,3.5,销售,否,2022-09-15,2.05
102900011032022,小皱皮(份),辣椒类,09:34:37.030,1.0,3.5,销售,否,2022-09-15,2.05
102900011032022,小皱皮(份),辣椒类,10:02:09.139,1.0,3.5,销售,否,2022-09-15,2.05
102900011032022,小皱皮(份),辣椒类,10:06:28.204,1.0,3.5,销售,否,2022-09-15,2.05
102900011032022,小皱皮(份),辣椒类,10:30:19.034,1.0,3.5,销售,否,2022-09-15,2.05
102900011032022,小皱皮(份),辣椒类,15:05:22.139,1.0,3.5,销售,否,2022-09-15,2.05
102900011032022,小皱皮(份),辣椒类,16:05:16.489,1.0,3.5,销售,否,2022-09-15,2.05
102900011032022,小皱皮(份),辣椒类,16:12:12.025,1.0,3.5,销售,否,2022-09-15,2.05
102900011032022,小皱皮(份),辣椒类,16:15:44.264,1.0,3.5,销售,否,2022-09-15,2.05
102900011032022,小皱皮(份),辣椒类,17:41:38.517,1.0,3.5,销售,否,2022-09-15,2.05
102900011032022,小皱皮(份),辣椒类,19:36:43.662,1.0,3.5,销售,否,2022-09-15,2.05
102900011032022,小皱皮(份),辣椒类,20:57:07.469,1.0,3.5,销售,否,2022-09-15,2.05
102900011032022,小皱皮(份),辣椒类,21:19:28.028,1.0,3.5,销售,否,2022-09-15,2.05
102900011032022,小皱皮(份),辣椒类,09:51:07.104,1.0,4.5,销售,否,2022-09-16,2.47
102900011032022,小皱皮(份),辣椒类,09:52:51.545,1.0,4.5,销售,否,2022-09-16,2.47
102900011032022,小皱皮(份),辣椒类,12:00:38.487,1.0,4.5,销售,否,2022-09-16,2.47
102900011032022,小皱皮(份),辣椒类,15:34:27.472,1.0,4.5,销售,否,2022-09-16,2.47
102900011032022,小皱皮(份),辣椒类,17:05:02.352,1.0,4.5,销售,否,2022-09-16,2.47
102900011032022,小皱皮(份),辣椒类,17:07:42.857,1.0,4.5,销售,否,2022-09-16,2.47
102900011032022,小皱皮(份),辣椒类,17:09:28.844,1.0,4.5,销售,否,2022-09-16,2.47
102900011032022,小皱皮(份),辣椒类,17:40:42.732,1.0,4.5,销售,否,2022-09-16,2.47
102900011032022,小皱皮(份),辣椒类,17:53:46.839,1.0,4.5,销售,否,2022-09-16,2.47
102900011032022,小皱皮(份),辣椒类,17:53:47.191,1.0,4.5,销售,否,2022-09-16,2.47
102900011032022,小皱皮(份),辣椒类,18:09:51.838,1.0,4.5,销售,否,2022-09-16,2.47
102900011032022,小皱皮(份),辣椒类,18:29:47.512,1.0,4.5,销售,否,2022-09-16,2.47
102900011032022,小皱皮(份),辣椒类,18:30:23.649,1.0,4.5,销售,否,2022-09-16,2.47
102900011032022,小皱皮(份),辣椒类,18:30:58.518,1.0,4.5,销售,否,2022-09-16,2.47
102900011032022,小皱皮(份),辣椒类,20:11:25.967,1.0,4.5,销售,否,2022-09-16,2.47
102900011032022,小皱皮(份),辣椒类,20:32:04.912,1.0,4.5,销售,否,2022-09-16,2.47
102900011032022,小皱皮(份),辣椒类,10:47:32.949,1.0,4.5,销售,否,2022-09-17,2.3
102900011032022,小皱皮(份),辣椒类,10:49:51.656,1.0,4.5,销售,否,2022-09-17,2.3
102900011032022,小皱皮(份),辣椒类,11:05:56.839,1.0,4.5,销售,否,2022-09-17,2.3
102900011032022,小皱皮(份),辣椒类,11:31:21.206,1.0,4.5,销售,否,2022-09-17,2.3
102900011032022,小皱皮(份),辣椒类,11:52:01.315,1.0,4.5,销售,否,2022-09-17,2.3
102900011032022,小皱皮(份),辣椒类,15:29:34.677,1.0,4.5,销售,否,2022-09-17,2.3
102900011032022,小皱皮(份),辣椒类,15:53:58.962,1.0,4.5,销售,否,2022-09-17,2.3
102900011032022,小皱皮(份),辣椒类,16:13:47.748,1.0,4.5,销售,否,2022-09-17,2.3
102900011032022,小皱皮(份),辣椒类,17:18:21.266,1.0,4.5,销售,否,2022-09-17,2.3
102900011032022,小皱皮(份),辣椒类,17:19:55.392,1.0,4.5,销售,否,2022-09-17,2.3
102900011032022,小皱皮(份),辣椒类,17:24:08.498,1.0,4.5,销售,否,2022-09-17,2.3
102900011032022,小皱皮(份),辣椒类,17:31:20.630,1.0,4.5,销售,否,2022-09-17,2.3
102900011032022,小皱皮(份),辣椒类,17:53:09.133,1.0,4.5,销售,否,2022-09-17,2.3
102900011032022,小皱皮(份),辣椒类,18:01:17.048,1.0,4.5,销售,否,2022-09-17,2.3
102900011032022,小皱皮(份),辣椒类,19:35:10.027,1.0,2.7,销售,是,2022-09-17,2.3
102900011032022,小皱皮(份),辣椒类,19:40:24.743,1.0,4.5,销售,否,2022-09-17,2.3
102900011032022,小皱皮(份),辣椒类,19:56:07.840,1.0,2.7,销售,是,2022-09-17,2.3
102900011032022,小皱皮(份),辣椒类,20:00:46.200,1.0,2.7,销售,是,2022-09-17,2.3
102900011032022,小皱皮(份),辣椒类,20:04:19.887,1.0,4.5,销售,否,2022-09-17,2.3
102900011032022,小皱皮(份),辣椒类,20:15:09.405,1.0,2.7,销售,是,2022-09-17,2.3
102900011032022,小皱皮(份),辣椒类,20:16:19.372,1.0,2.7,销售,是,2022-09-17,2.3
102900011032022,小皱皮(份),辣椒类,20:23:08.438,1.0,2.7,销售,是,2022-09-17,2.3
102900011032022,小皱皮(份),辣椒类,20:23:49.858,1.0,2.7,销售,是,2022-09-17,2.3
102900011032022,小皱皮(份),辣椒类,20:30:53.040,1.0,2.7,销售,是,2022-09-17,2.3
102900011032022,小皱皮(份),辣椒类,20:49:16.816,1.0,4.5,销售,否,2022-09-17,2.3
102900011032022,小皱皮(份),辣椒类,09:53:33.169,1.0,4.5,销售,否,2022-09-18,2.11
102900011032022,小皱皮(份),辣椒类,09:53:51.733,1.0,4.5,销售,否,2022-09-18,2.11
102900011032022,小皱皮(份),辣椒类,09:59:55.420,1.0,4.5,销售,否,2022-09-18,2.11
102900011032022,小皱皮(份),辣椒类,10:02:06.856,1.0,4.5,销售,否,2022-09-18,2.11
102900011032022,小皱皮(份),辣椒类,10:04:39.460,1.0,4.5,销售,否,2022-09-18,2.11
102900011032022,小皱皮(份),辣椒类,10:23:42.530,1.0,4.5,销售,否,2022-09-18,2.11
102900011032022,小皱皮(份),辣椒类,10:44:17.407,1.0,4.5,销售,否,2022-09-18,2.11
102900011032022,小皱皮(份),辣椒类,10:50:48.214,1.0,4.5,销售,否,2022-09-18,2.11
102900011032022,小皱皮(份),辣椒类,10:58:58.068,1.0,4.5,销售,否,2022-09-18,2.11
102900011032022,小皱皮(份),辣椒类,11:01:47.498,1.0,4.5,销售,否,2022-09-18,2.11
102900011032022,小皱皮(份),辣椒类,11:02:10.764,1.0,4.5,销售,否,2022-09-18,2.11
102900011032022,小皱皮(份),辣椒类,11:09:10.141,1.0,4.5,销售,否,2022-09-18,2.11
102900011032022,小皱皮(份),辣椒类,11:16:09.811,1.0,4.5,销售,否,2022-09-18,2.11
102900011032022,小皱皮(份),辣椒类,11:45:45.389,1.0,4.5,销售,否,2022-09-18,2.11
102900011032022,小皱皮(份),辣椒类,12:12:19.170,1.0,4.5,销售,否,2022-09-18,2.11
102900011032022,小皱皮(份),辣椒类,15:17:39.483,1.0,4.5,销售,否,2022-09-18,2.11
102900011032022,小皱皮(份),辣椒类,15:35:14.180,1.0,4.5,销售,否,2022-09-18,2.11
102900011032022,小皱皮(份),辣椒类,15:43:12.067,1.0,4.5,销售,否,2022-09-18,2.11
102900011032022,小皱皮(份),辣椒类,15:48:03.612,1.0,4.5,销售,否,2022-09-18,2.11
102900011032022,小皱皮(份),辣椒类,16:58:11.030,1.0,4.5,销售,否,2022-09-18,2.11
102900011032022,小皱皮(份),辣椒类,17:01:00.127,1.0,4.5,销售,否,2022-09-18,2.11
102900011032022,小皱皮(份),辣椒类,17:17:15.082,1.0,4.5,销售,否,2022-09-18,2.11
102900011032022,小皱皮(份),辣椒类,17:17:15.257,1.0,4.5,销售,否,2022-09-18,2.11
102900011032022,小皱皮(份),辣椒类,18:36:28.973,1.0,4.5,销售,否,2022-09-18,2.11
102900011032022,小皱皮(份),辣椒类,18:50:10.595,1.0,2.7,销售,是,2022-09-18,2.11
102900011032022,小皱皮(份),辣椒类,19:44:59.699,1.0,2.7,销售,是,2022-09-18,2.11
102900011032022,小皱皮(份),辣椒类,19:44:59.806,1.0,2.7,销售,是,2022-09-18,2.11
102900011032022,小皱皮(份),辣椒类,20:02:04.427,1.0,2.7,销售,是,2022-09-18,2.11
102900011032022,小皱皮(份),辣椒类,20:02:04.530,1.0,2.7,销售,是,2022-09-18,2.11
102900011032022,小皱皮(份),辣椒类,20:02:04.728,1.0,2.7,销售,是,2022-09-18,2.11
102900011032022,小皱皮(份),辣椒类,20:23:52.909,1.0,2.7,销售,是,2022-09-18,2.11
102900011032022,小皱皮(份),辣椒类,10:57:49.864,1.0,4.5,销售,否,2022-09-19,2.1
102900011032022,小皱皮(份),辣椒类,13:28:04.746,1.0,4.5,销售,否,2022-09-19,2.1
102900011032022,小皱皮(份),辣椒类,20:39:52.320,1.0,2.7,销售,是,2022-09-19,2.1
102900011032022,小皱皮(份),辣椒类,11:26:27.982,1.0,4.5,销售,否,2022-09-20,2.1
102900011032022,小皱皮(份),辣椒类,12:34:29.467,1.0,4.5,销售,否,2022-09-20,2.1
102900011032022,小皱皮(份),辣椒类,15:57:38.009,1.0,4.5,销售,否,2022-09-20,2.1
102900011032022,小皱皮(份),辣椒类,17:03:18.067,1.0,4.5,销售,否,2022-09-20,2.1
102900011032022,小皱皮(份),辣椒类,19:17:32.705,1.0,4.5,销售,否,2022-09-20,2.1
102900011032022,小皱皮(份),辣椒类,20:02:11.589,1.0,4.5,销售,否,2022-09-20,2.1
102900011032022,小皱皮(份),辣椒类,09:55:00.008,1.0,4.5,销售,否,2022-09-21,1.92
102900011032022,小皱皮(份),辣椒类,10:54:51.514,1.0,4.5,销售,否,2022-09-21,1.92
102900011032022,小皱皮(份),辣椒类,13:08:16.283,1.0,4.5,销售,否,2022-09-21,1.92
102900011032022,小皱皮(份),辣椒类,15:11:03.358,1.0,4.5,销售,否,2022-09-21,1.92
102900011032022,小皱皮(份),辣椒类,15:21:37.766,1.0,4.5,销售,否,2022-09-21,1.92
102900011032022,小皱皮(份),辣椒类,16:06:03.191,1.0,4.5,销售,否,2022-09-21,1.92
102900011032022,小皱皮(份),辣椒类,16:19:15.589,1.0,4.5,销售,否,2022-09-21,1.92
102900011032022,小皱皮(份),辣椒类,16:42:47.418,1.0,4.5,销售,否,2022-09-21,1.92
102900011032022,小皱皮(份),辣椒类,16:53:44.201,1.0,4.5,销售,否,2022-09-21,1.92
102900011032022,小皱皮(份),辣椒类,16:55:06.550,1.0,4.5,销售,否,2022-09-21,1.92
102900011032022,小皱皮(份),辣椒类,17:58:09.488,1.0,4.5,销售,否,2022-09-21,1.92
102900011032022,小皱皮(份),辣椒类,18:09:07.308,1.0,4.5,销售,否,2022-09-21,1.92
102900011032022,小皱皮(份),辣椒类,18:36:53.963,1.0,4.5,销售,否,2022-09-21,1.92
102900011032022,小皱皮(份),辣椒类,19:19:42.843,1.0,4.5,销售,否,2022-09-21,1.92
102900011032022,小皱皮(份),辣椒类,19:21:36.049,1.0,2.7,销售,是,2022-09-21,1.92
102900011032022,小皱皮(份),辣椒类,19:51:46.686,1.0,2.7,销售,是,2022-09-21,1.92
102900011032022,小皱皮(份),辣椒类,20:16:45.244,1.0,4.5,销售,否,2022-09-21,1.92
102900011032022,小皱皮(份),辣椒类,20:22:30.461,1.0,4.5,销售,否,2022-09-21,1.92
102900011032022,小皱皮(份),辣椒类,20:22:30.636,1.0,2.7,销售,是,2022-09-21,1.92
102900011032022,小皱皮(份),辣椒类,20:48:39.417,1.0,2.7,销售,是,2022-09-21,1.92
102900011032022,小皱皮(份),辣椒类,20:48:39.637,1.0,2.7,销售,是,2022-09-21,1.92
102900011032022,小皱皮(份),辣椒类,09:59:26.703,1.0,4.5,销售,否,2022-09-22,2.06
102900011032022,小皱皮(份),辣椒类,10:13:23.555,1.0,4.5,销售,否,2022-09-22,2.06
102900011032022,小皱皮(份),辣椒类,10:14:14.589,1.0,4.5,销售,否,2022-09-22,2.06
102900011032022,小皱皮(份),辣椒类,10:26:14.033,1.0,4.5,销售,否,2022-09-22,2.06
102900011032022,小皱皮(份),辣椒类,10:40:32.764,1.0,4.5,销售,否,2022-09-22,2.06
102900011032022,小皱皮(份),辣椒类,10:40:56.061,1.0,4.5,销售,否,2022-09-22,2.06
102900011032022,小皱皮(份),辣椒类,11:16:57.534,1.0,4.5,销售,否,2022-09-22,2.06
102900011032022,小皱皮(份),辣椒类,11:36:12.655,1.0,4.5,销售,否,2022-09-22,2.06
102900011032022,小皱皮(份),辣椒类,12:51:18.858,1.0,4.5,销售,否,2022-09-22,2.06
102900011032022,小皱皮(份),辣椒类,13:20:52.492,1.0,4.5,销售,否,2022-09-22,2.06
102900011032022,小皱皮(份),辣椒类,14:07:12.548,1.0,4.5,销售,否,2022-09-22,2.06
102900011032022,小皱皮(份),辣椒类,14:21:22.233,1.0,4.5,销售,否,2022-09-22,2.06
102900011032022,小皱皮(份),辣椒类,15:05:38.108,1.0,4.5,销售,否,2022-09-22,2.06
102900011032022,小皱皮(份),辣椒类,17:13:13.882,1.0,4.5,销售,否,2022-09-22,2.06
102900011032022,小皱皮(份),辣椒类,17:31:57.390,1.0,4.5,销售,否,2022-09-22,2.06
102900011032022,小皱皮(份),辣椒类,17:36:04.701,1.0,4.5,销售,否,2022-09-22,2.06
102900011032022,小皱皮(份),辣椒类,18:22:02.857,1.0,4.5,销售,否,2022-09-22,2.06
102900011032022,小皱皮(份),辣椒类,19:19:53.506,1.0,4.5,销售,否,2022-09-22,2.06
102900011032022,小皱皮(份),辣椒类,19:29:44.138,1.0,4.5,销售,否,2022-09-22,2.06
102900011032022,小皱皮(份),辣椒类,20:03:50.022,1.0,4.5,销售,否,2022-09-22,2.06
102900011032022,小皱皮(份),辣椒类,20:35:44.655,1.0,2.7,销售,是,2022-09-22,2.06
102900011032022,小皱皮(份),辣椒类,20:47:34.822,1.0,2.7,销售,是,2022-09-22,2.06
102900011032022,小皱皮(份),辣椒类,21:10:12.378,1.0,2.7,销售,是,2022-09-22,2.06
102900011032022,小皱皮(份),辣椒类,21:10:32.850,1.0,4.5,销售,否,2022-09-22,2.06
102900011032022,小皱皮(份),辣椒类,21:22:09.852,1.0,2.7,销售,是,2022-09-22,2.06
102900011032022,小皱皮(份),辣椒类,11:23:33.739,1.0,4.5,销售,否,2022-09-23,2.06
102900011032022,小皱皮(份),辣椒类,11:31:39.092,1.0,4.5,销售,否,2022-09-23,2.06
102900011032022,小皱皮(份),辣椒类,13:08:54.655,1.0,2.7,销售,是,2022-09-23,2.06
102900011032022,小皱皮(份),辣椒类,15:43:12.053,1.0,4.5,销售,否,2022-09-23,2.06
102900011032022,小皱皮(份),辣椒类,16:40:48.468,1.0,4.5,销售,否,2022-09-23,2.06
102900011032022,小皱皮(份),辣椒类,18:16:17.480,1.0,4.5,销售,否,2022-09-23,2.06
102900011032022,小皱皮(份),辣椒类,18:17:05.626,1.0,2.7,销售,是,2022-09-23,2.06
102900011032022,小皱皮(份),辣椒类,18:22:32.123,1.0,4.5,销售,否,2022-09-23,2.06
102900011032022,小皱皮(份),辣椒类,18:26:17.860,1.0,4.5,销售,否,2022-09-23,2.06
102900011032022,小皱皮(份),辣椒类,18:34:56.824,1.0,2.7,销售,是,2022-09-23,2.06
102900011032022,小皱皮(份),辣椒类,18:38:31.647,1.0,4.5,销售,否,2022-09-23,2.06
102900011032022,小皱皮(份),辣椒类,21:19:13.842,1.0,2.7,销售,是,2022-09-23,2.06
102900011032022,小皱皮(份),辣椒类,21:32:22.194,1.0,2.7,销售,是,2022-09-23,2.06
102900011032022,小皱皮(份),辣椒类,09:18:17.002,1.0,4.5,销售,否,2022-09-24,1.88
102900011032022,小皱皮(份),辣椒类,09:21:13.564,1.0,4.5,销售,否,2022-09-24,1.88
102900011032022,小皱皮(份),辣椒类,10:30:18.197,1.0,4.5,销售,否,2022-09-24,1.88
102900011032022,小皱皮(份),辣椒类,10:37:01.306,1.0,4.5,销售,否,2022-09-24,1.88
102900011032022,小皱皮(份),辣椒类,10:39:57.970,1.0,4.5,销售,否,2022-09-24,1.88
102900011032022,小皱皮(份),辣椒类,10:43:06.264,1.0,4.5,销售,否,2022-09-24,1.88
102900011032022,小皱皮(份),辣椒类,10:54:49.061,1.0,4.5,销售,否,2022-09-24,1.88
102900011032022,小皱皮(份),辣椒类,10:55:08.963,1.0,4.5,销售,否,2022-09-24,1.88
102900011032022,小皱皮(份),辣椒类,10:55:09.158,1.0,4.5,销售,否,2022-09-24,1.88
102900011032022,小皱皮(份),辣椒类,11:27:23.961,1.0,4.5,销售,否,2022-09-24,1.88
102900011032022,小皱皮(份),辣椒类,12:44:46.778,1.0,4.5,销售,否,2022-09-24,1.88
102900011032022,小皱皮(份),辣椒类,13:13:53.015,1.0,4.5,销售,否,2022-09-24,1.88
102900011032022,小皱皮(份),辣椒类,14:31:34.952,1.0,4.5,销售,否,2022-09-24,1.88
102900011032022,小皱皮(份),辣椒类,14:40:53.826,1.0,4.5,销售,否,2022-09-24,1.88
102900011032022,小皱皮(份),辣椒类,14:44:44.549,1.0,4.5,销售,否,2022-09-24,1.88
102900011032022,小皱皮(份),辣椒类,14:46:53.131,1.0,4.5,销售,否,2022-09-24,1.88
102900011032022,小皱皮(份),辣椒类,15:26:17.168,1.0,4.5,销售,否,2022-09-24,1.88
102900011032022,小皱皮(份),辣椒类,15:54:23.463,1.0,4.5,销售,否,2022-09-24,1.88
102900011032022,小皱皮(份),辣椒类,18:51:54.498,1.0,4.5,销售,否,2022-09-24,1.88
102900011032022,小皱皮(份),辣椒类,19:47:49.561,1.0,2.7,销售,是,2022-09-24,1.88
102900011032022,小皱皮(份),辣椒类,20:16:57.513,1.0,2.7,销售,是,2022-09-24,1.88
102900011032022,小皱皮(份),辣椒类,20:50:03.113,1.0,2.7,销售,是,2022-09-24,1.88
102900011032022,小皱皮(份),辣椒类,09:31:48.264,1.0,4.5,销售,否,2022-09-25,2.03
102900011032022,小皱皮(份),辣椒类,09:58:55.871,1.0,4.5,销售,否,2022-09-25,2.03
102900011032022,小皱皮(份),辣椒类,10:23:22.308,1.0,4.5,销售,否,2022-09-25,2.03
102900011032022,小皱皮(份),辣椒类,10:43:52.076,1.0,4.5,销售,否,2022-09-25,2.03
102900011032022,小皱皮(份),辣椒类,11:33:44.139,1.0,4.5,销售,否,2022-09-25,2.03
102900011032022,小皱皮(份),辣椒类,12:18:33.064,1.0,4.5,销售,否,2022-09-25,2.03
102900011032022,小皱皮(份),辣椒类,13:17:41.348,1.0,4.5,销售,否,2022-09-25,2.03
102900011032022,小皱皮(份),辣椒类,16:03:08.332,1.0,4.5,销售,否,2022-09-25,2.03
102900011032022,小皱皮(份),辣椒类,16:54:46.574,1.0,4.5,销售,否,2022-09-25,2.03
102900011032022,小皱皮(份),辣椒类,17:11:44.111,1.0,4.5,销售,否,2022-09-25,2.03
102900011032022,小皱皮(份),辣椒类,17:24:21.499,1.0,4.5,销售,否,2022-09-25,2.03
102900011032022,小皱皮(份),辣椒类,19:11:48.589,1.0,4.5,销售,否,2022-09-25,2.03
102900011032022,小皱皮(份),辣椒类,20:50:44.267,1.0,4.5,销售,否,2022-09-25,2.03
102900011032022,小皱皮(份),辣椒类,20:50:44.451,1.0,4.5,销售,否,2022-09-25,2.03
102900011032022,小皱皮(份),辣椒类,21:04:20.592,1.0,4.5,销售,否,2022-09-25,2.03
102900011032022,小皱皮(份),辣椒类,09:37:00.698,1.0,4.5,销售,否,2022-09-26,2.05
102900011032022,小皱皮(份),辣椒类,09:37:01.026,1.0,4.5,销售,否,2022-09-26,2.05
102900011032022,小皱皮(份),辣椒类,09:37:01.297,1.0,4.5,销售,否,2022-09-26,2.05
102900011032022,小皱皮(份),辣椒类,09:37:01.537,1.0,4.5,销售,否,2022-09-26,2.05
102900011032022,小皱皮(份),辣椒类,10:15:01.242,1.0,4.5,销售,否,2022-09-26,2.05
102900011032022,小皱皮(份),辣椒类,10:37:48.858,1.0,4.5,销售,否,2022-09-26,2.05
102900011032022,小皱皮(份),辣椒类,12:10:09.234,1.0,4.5,销售,否,2022-09-26,2.05
102900011032022,小皱皮(份),辣椒类,16:28:13.765,1.0,4.5,销售,否,2022-09-26,2.05
102900011032022,小皱皮(份),辣椒类,17:59:27.467,1.0,3.2,销售,是,2022-09-26,2.05
102900011032022,小皱皮(份),辣椒类,17:59:29.951,1.0,3.2,销售,是,2022-09-26,2.05
102900011032022,小皱皮(份),辣椒类,09:34:48.156,1.0,4.5,销售,否,2022-09-27,2.32
102900011032022,小皱皮(份),辣椒类,09:48:33.842,1.0,4.5,销售,否,2022-09-27,2.32
102900011032022,小皱皮(份),辣椒类,10:34:24.880,1.0,4.5,销售,否,2022-09-27,2.32
102900011032022,小皱皮(份),辣椒类,10:37:49.420,1.0,4.5,销售,否,2022-09-27,2.32
102900011032022,小皱皮(份),辣椒类,10:37:52.170,1.0,4.5,销售,否,2022-09-27,2.32
102900011032022,小皱皮(份),辣椒类,10:38:06.123,1.0,4.5,销售,否,2022-09-27,2.32
102900011032022,小皱皮(份),辣椒类,10:39:24.698,1.0,4.5,销售,否,2022-09-27,2.32
102900011032022,小皱皮(份),辣椒类,13:51:05.456,1.0,4.5,销售,否,2022-09-27,2.32
102900011032022,小皱皮(份),辣椒类,16:11:03.501,1.0,4.5,销售,否,2022-09-27,2.32
102900011032022,小皱皮(份),辣椒类,16:12:57.674,1.0,4.5,销售,否,2022-09-27,2.32
102900011032022,小皱皮(份),辣椒类,18:48:28.878,1.0,4.5,销售,否,2022-09-27,2.32
102900011032022,小皱皮(份),辣椒类,19:32:22.905,1.0,4.5,销售,否,2022-09-27,2.32
102900011032022,小皱皮(份),辣椒类,20:22:36.059,1.0,4.5,销售,否,2022-09-27,2.32
102900011032022,小皱皮(份),辣椒类,20:29:07.348,1.0,4.5,销售,否,2022-09-27,2.32
102900011032022,小皱皮(份),辣椒类,09:55:54.183,1.0,4.5,销售,否,2022-09-28,2.39
102900011032022,小皱皮(份),辣椒类,10:25:58.192,1.0,4.5,销售,否,2022-09-28,2.39
102900011032022,小皱皮(份),辣椒类,10:27:04.775,1.0,4.5,销售,否,2022-09-28,2.39
102900011032022,小皱皮(份),辣椒类,10:34:13.352,1.0,4.5,销售,否,2022-09-28,2.39
102900011032022,小皱皮(份),辣椒类,10:43:50.264,1.0,4.5,销售,否,2022-09-28,2.39
102900011032022,小皱皮(份),辣椒类,10:54:24.811,1.0,4.5,销售,否,2022-09-28,2.39
102900011032022,小皱皮(份),辣椒类,12:13:20.030,1.0,4.5,销售,否,2022-09-28,2.39
102900011032022,小皱皮(份),辣椒类,12:13:23.811,1.0,4.5,销售,否,2022-09-28,2.39
102900011032022,小皱皮(份),辣椒类,13:45:03.148,1.0,4.5,销售,否,2022-09-28,2.39
102900011032022,小皱皮(份),辣椒类,16:15:28.400,1.0,4.5,销售,否,2022-09-28,2.39
102900011032022,小皱皮(份),辣椒类,16:58:49.962,1.0,4.5,销售,否,2022-09-28,2.39
102900011032022,小皱皮(份),辣椒类,16:58:50.552,1.0,4.5,销售,否,2022-09-28,2.39
102900011032022,小皱皮(份),辣椒类,17:11:01.330,1.0,4.5,销售,否,2022-09-28,2.39
102900011032022,小皱皮(份),辣椒类,17:54:12.476,1.0,4.5,销售,否,2022-09-28,2.39
102900011032022,小皱皮(份),辣椒类,20:41:06.187,1.0,4.5,销售,否,2022-09-28,2.39
102900011032022,小皱皮(份),辣椒类,18:20:31.790,1.0,3.2,销售,是,2022-09-29,2.26
102900011032022,小皱皮(份),辣椒类,18:44:44.921,1.0,4.5,销售,否,2022-09-29,2.26
102900011032022,小皱皮(份),辣椒类,19:42:01.514,1.0,2.7,销售,是,2022-09-29,2.26
102900011032022,小皱皮(份),辣椒类,20:00:50.482,1.0,2.7,销售,是,2022-09-29,2.26
102900011032022,小皱皮(份),辣椒类,20:20:54.080,1.0,2.7,销售,是,2022-09-29,2.26
102900011032022,小皱皮(份),辣椒类,20:56:25.810,1.0,2.7,销售,是,2022-09-29,2.26
102900011032022,小皱皮(份),辣椒类,21:26:42.061,1.0,2.7,销售,是,2022-09-29,2.26
102900011032022,小皱皮(份),辣椒类,21:26:44.561,1.0,2.7,销售,是,2022-09-29,2.26
102900011032022,小皱皮(份),辣椒类,11:38:23.455,1.0,4.5,销售,否,2022-09-30,2.06
102900011032022,小皱皮(份),辣椒类,16:00:21.668,1.0,3.2,销售,是,2022-09-30,2.06
102900011032022,小皱皮(份),辣椒类,16:00:21.766,1.0,2.7,销售,是,2022-09-30,2.06
102900011032022,小皱皮(份),辣椒类,16:00:21.866,1.0,2.7,销售,是,2022-09-30,2.06
102900011032022,小皱皮(份),辣椒类,16:05:58.710,1.0,4.5,销售,否,2022-09-30,2.06
102900011032022,小皱皮(份),辣椒类,16:05:58.885,1.0,4.5,销售,否,2022-09-30,2.06
102900011032022,小皱皮(份),辣椒类,16:23:02.638,1.0,4.5,销售,否,2022-09-30,2.06
102900011032022,小皱皮(份),辣椒类,16:30:32.480,1.0,4.5,销售,否,2022-09-30,2.06
102900011032022,小皱皮(份),辣椒类,16:46:42.555,1.0,4.5,销售,否,2022-09-30,2.06
102900011032022,小皱皮(份),辣椒类,17:50:05.335,1.0,4.5,销售,否,2022-09-30,2.06
102900011032022,小皱皮(份),辣椒类,19:18:40.787,1.0,2.7,销售,是,2022-09-30,2.06
102900011032022,小皱皮(份),辣椒类,20:27:22.151,1.0,4.5,销售,否,2022-09-30,2.06
102900011032022,小皱皮(份),辣椒类,20:59:48.599,1.0,2.7,销售,是,2022-09-30,2.06
102900011032022,小皱皮(份),辣椒类,09:42:07.764,1.0,4.5,销售,否,2022-10-01,2.33
102900011032022,小皱皮(份),辣椒类,10:01:07.096,1.0,4.5,销售,否,2022-10-01,2.33
102900011032022,小皱皮(份),辣椒类,10:52:13.498,1.0,4.5,销售,否,2022-10-01,2.33
102900011032022,小皱皮(份),辣椒类,11:20:24.357,1.0,4.5,销售,否,2022-10-01,2.33
102900011032022,小皱皮(份),辣椒类,14:28:27.499,1.0,2.7,销售,是,2022-10-01,2.33
102900011032022,小皱皮(份),辣椒类,14:52:30.522,1.0,2.7,销售,是,2022-10-01,2.33
102900011032022,小皱皮(份),辣椒类,15:34:08.608,1.0,4.5,销售,否,2022-10-01,2.33
102900011032022,小皱皮(份),辣椒类,17:01:42.528,1.0,4.5,销售,否,2022-10-01,2.33
102900011032022,小皱皮(份),辣椒类,18:19:42.744,1.0,2.7,销售,是,2022-10-01,2.33
102900011032022,小皱皮(份),辣椒类,19:00:20.155,1.0,2.7,销售,是,2022-10-01,2.33
102900011032022,小皱皮(份),辣椒类,19:09:28.955,1.0,4.5,销售,否,2022-10-01,2.33
102900011032022,小皱皮(份),辣椒类,20:13:45.938,1.0,2.7,销售,是,2022-10-01,2.33
102900011032022,小皱皮(份),辣椒类,20:45:47.957,1.0,4.5,销售,否,2022-10-01,2.33
102900011032022,小皱皮(份),辣椒类,09:42:51.590,1.0,4.5,销售,否,2022-10-02,2.25
102900011032022,小皱皮(份),辣椒类,10:05:26.453,1.0,4.5,销售,否,2022-10-02,2.25
102900011032022,小皱皮(份),辣椒类,10:06:23.421,1.0,4.5,销售,否,2022-10-02,2.25
102900011032022,小皱皮(份),辣椒类,10:22:54.156,1.0,4.5,销售,否,2022-10-02,2.25
102900011032022,小皱皮(份),辣椒类,10:30:07.504,1.0,4.5,销售,否,2022-10-02,2.25
102900011032022,小皱皮(份),辣椒类,10:37:01.528,1.0,4.5,销售,否,2022-10-02,2.25
102900011032022,小皱皮(份),辣椒类,10:39:13.812,1.0,4.5,销售,否,2022-10-02,2.25
102900011032022,小皱皮(份),辣椒类,10:49:11.036,1.0,4.5,销售,否,2022-10-02,2.25
102900011032022,小皱皮(份),辣椒类,11:03:06.516,1.0,4.5,销售,否,2022-10-02,2.25
102900011032022,小皱皮(份),辣椒类,11:11:56.531,1.0,4.5,销售,否,2022-10-02,2.25
102900011032022,小皱皮(份),辣椒类,11:32:49.880,1.0,4.5,销售,否,2022-10-02,2.25
102900011032022,小皱皮(份),辣椒类,11:38:35.019,1.0,4.5,销售,否,2022-10-02,2.25
102900011032022,小皱皮(份),辣椒类,12:54:22.143,1.0,4.5,销售,否,2022-10-02,2.25
102900011032022,小皱皮(份),辣椒类,13:09:20.801,1.0,4.5,销售,否,2022-10-02,2.25
102900011032022,小皱皮(份),辣椒类,14:26:44.701,1.0,4.5,销售,否,2022-10-02,2.25
102900011032022,小皱皮(份),辣椒类,15:21:00.835,1.0,4.5,销售,否,2022-10-02,2.25
102900011032022,小皱皮(份),辣椒类,15:21:01.339,1.0,4.5,销售,否,2022-10-02,2.25
102900011032022,小皱皮(份),辣椒类,15:37:31.586,1.0,2.7,销售,是,2022-10-02,2.25
102900011032022,小皱皮(份),辣椒类,16:10:54.733,1.0,2.7,销售,是,2022-10-02,2.25
102900011032022,小皱皮(份),辣椒类,17:07:38.826,1.0,4.5,销售,否,2022-10-02,2.25
102900011032022,小皱皮(份),辣椒类,17:39:56.769,1.0,2.7,销售,是,2022-10-02,2.25
102900011032022,小皱皮(份),辣椒类,17:54:31.277,1.0,4.5,销售,否,2022-10-02,2.25
102900011032022,小皱皮(份),辣椒类,18:19:51.513,1.0,4.5,销售,否,2022-10-02,2.25
102900011032022,小皱皮(份),辣椒类,18:32:22.563,1.0,2.7,销售,是,2022-10-02,2.25
102900011032022,小皱皮(份),辣椒类,18:33:01.588,1.0,2.7,销售,是,2022-10-02,2.25
102900011032022,小皱皮(份),辣椒类,18:43:48.257,1.0,2.7,销售,是,2022-10-02,2.25
102900011032022,小皱皮(份),辣椒类,19:44:47.027,1.0,4.5,销售,否,2022-10-02,2.25
102900011032022,小皱皮(份),辣椒类,20:23:45.296,1.0,2.7,销售,是,2022-10-02,2.25
102900011032022,小皱皮(份),辣椒类,20:31:11.443,1.0,4.5,销售,否,2022-10-02,2.25
102900011032022,小皱皮(份),辣椒类,20:46:32.217,1.0,4.5,销售,否,2022-10-02,2.25
102900011032022,小皱皮(份),辣椒类,20:54:29.014,1.0,4.5,销售,否,2022-10-02,2.25
102900011032022,小皱皮(份),辣椒类,21:07:10.858,1.0,4.5,销售,否,2022-10-02,2.25
102900011032022,小皱皮(份),辣椒类,21:12:33.285,1.0,2.7,销售,是,2022-10-02,2.25
102900011032022,小皱皮(份),辣椒类,21:31:41.769,1.0,4.5,销售,否,2022-10-02,2.25
102900011032022,小皱皮(份),辣椒类,21:45:10.858,1.0,2.7,销售,是,2022-10-02,2.25
102900011032022,小皱皮(份),辣椒类,11:25:43.308,1.0,4.5,销售,否,2022-10-03,1.96
102900011032022,小皱皮(份),辣椒类,11:30:18.842,1.0,2.7,销售,是,2022-10-03,1.96
102900011032022,小皱皮(份),辣椒类,12:42:41.743,1.0,2.7,销售,是,2022-10-03,1.96
102900011032022,小皱皮(份),辣椒类,15:25:37.822,1.0,4.5,销售,否,2022-10-03,1.96
102900011032022,小皱皮(份),辣椒类,15:25:38.525,1.0,4.5,销售,否,2022-10-03,1.96
102900011032022,小皱皮(份),辣椒类,15:38:13.180,1.0,4.5,销售,否,2022-10-03,1.96
102900011032022,小皱皮(份),辣椒类,17:37:29.030,1.0,4.5,销售,否,2022-10-03,1.96
102900011032022,小皱皮(份),辣椒类,17:42:39.358,1.0,4.5,销售,否,2022-10-03,1.96
102900011032022,小皱皮(份),辣椒类,19:47:03.091,1.0,4.5,销售,否,2022-10-03,1.96
102900011032022,小皱皮(份),辣椒类,21:01:27.260,1.0,2.7,销售,是,2022-10-03,1.96
102900011032022,小皱皮(份),辣椒类,10:05:40.971,1.0,4.5,销售,否,2022-10-04,1.77
102900011032022,小皱皮(份),辣椒类,10:26:12.889,1.0,4.5,销售,否,2022-10-04,1.77
102900011032022,小皱皮(份),辣椒类,11:43:50.617,1.0,4.5,销售,否,2022-10-04,1.77
102900011032022,小皱皮(份),辣椒类,15:33:28.405,1.0,4.5,销售,否,2022-10-04,1.77
102900011032022,小皱皮(份),辣椒类,15:33:30.170,1.0,4.5,销售,否,2022-10-04,1.77
102900011032022,小皱皮(份),辣椒类,15:34:15.248,1.0,4.5,销售,否,2022-10-04,1.77
102900011032022,小皱皮(份),辣椒类,09:35:52.858,1.0,4.5,销售,否,2022-10-05,1.81
102900011032022,小皱皮(份),辣椒类,10:07:29.808,1.0,4.5,销售,否,2022-10-05,1.81
102900011032022,小皱皮(份),辣椒类,10:11:21.210,1.0,4.5,销售,否,2022-10-05,1.81
102900011032022,小皱皮(份),辣椒类,10:25:47.461,1.0,4.5,销售,否,2022-10-05,1.81
102900011032022,小皱皮(份),辣椒类,10:43:17.233,1.0,4.5,销售,否,2022-10-05,1.81
102900011032022,小皱皮(份),辣椒类,10:43:38.295,1.0,4.5,销售,否,2022-10-05,1.81
102900011032022,小皱皮(份),辣椒类,10:43:39.889,1.0,4.5,销售,否,2022-10-05,1.81
102900011032022,小皱皮(份),辣椒类,11:28:16.514,1.0,4.5,销售,否,2022-10-05,1.81
102900011032022,小皱皮(份),辣椒类,14:49:23.530,1.0,4.5,销售,否,2022-10-05,1.81
102900011032022,小皱皮(份),辣椒类,14:49:28.795,1.0,4.5,销售,否,2022-10-05,1.81
102900011032022,小皱皮(份),辣椒类,14:49:29.842,1.0,4.5,销售,否,2022-10-05,1.81
102900011032022,小皱皮(份),辣椒类,16:34:29.043,1.0,4.5,销售,否,2022-10-05,1.81
102900011032022,小皱皮(份),辣椒类,09:29:54.342,1.0,4.5,销售,否,2022-10-06,1.61
102900011032022,小皱皮(份),辣椒类,09:30:11.530,1.0,4.5,销售,否,2022-10-06,1.61
102900011032022,小皱皮(份),辣椒类,09:30:13.436,1.0,4.5,销售,否,2022-10-06,1.61
102900011032022,小皱皮(份),辣椒类,10:26:48.139,1.0,4.5,销售,否,2022-10-06,1.61
102900011032022,小皱皮(份),辣椒类,10:47:05.671,1.0,4.5,销售,否,2022-10-06,1.61
102900011032022,小皱皮(份),辣椒类,10:59:51.253,1.0,4.5,销售,否,2022-10-06,1.61
102900011032022,小皱皮(份),辣椒类,11:06:25.983,1.0,4.5,销售,否,2022-10-06,1.61
102900011032022,小皱皮(份),辣椒类,11:19:08.072,1.0,4.5,销售,否,2022-10-06,1.61
102900011032022,小皱皮(份),辣椒类,11:41:02.232,1.0,4.5,销售,否,2022-10-06,1.61
102900011032022,小皱皮(份),辣椒类,11:57:11.545,1.0,4.5,销售,否,2022-10-06,1.61
102900011032022,小皱皮(份),辣椒类,12:08:20.893,1.0,4.5,销售,否,2022-10-06,1.61
102900011032022,小皱皮(份),辣椒类,12:20:36.170,1.0,4.5,销售,否,2022-10-06,1.61
102900011032022,小皱皮(份),辣椒类,12:21:10.485,1.0,4.5,销售,否,2022-10-06,1.61
102900011032022,小皱皮(份),辣椒类,12:27:30.378,1.0,4.5,销售,否,2022-10-06,1.61
102900011032022,小皱皮(份),辣椒类,13:02:59.076,1.0,4.5,销售,否,2022-10-06,1.61
102900011032022,小皱皮(份),辣椒类,15:17:04.619,1.0,4.5,销售,否,2022-10-06,1.61
102900011032022,小皱皮(份),辣椒类,16:04:36.061,1.0,4.5,销售,否,2022-10-06,1.61
102900011032022,小皱皮(份),辣椒类,16:59:43.165,1.0,4.5,销售,否,2022-10-06,1.61
102900011032022,小皱皮(份),辣椒类,17:03:14.945,1.0,4.5,销售,否,2022-10-06,1.61
102900011032022,小皱皮(份),辣椒类,17:03:47.282,1.0,4.5,销售,否,2022-10-06,1.61
102900011032022,小皱皮(份),辣椒类,17:16:53.916,1.0,4.5,销售,否,2022-10-06,1.61
102900011032022,小皱皮(份),辣椒类,17:21:57.759,1.0,4.5,销售,否,2022-10-06,1.61
102900011032022,小皱皮(份),辣椒类,17:34:25.217,1.0,4.5,销售,否,2022-10-06,1.61
102900011032022,小皱皮(份),辣椒类,17:36:24.778,1.0,4.5,销售,否,2022-10-06,1.61
102900011032022,小皱皮(份),辣椒类,17:36:59.545,1.0,4.5,销售,否,2022-10-06,1.61
102900011032022,小皱皮(份),辣椒类,17:42:13.842,1.0,4.5,销售,否,2022-10-06,1.61
102900011032022,小皱皮(份),辣椒类,17:46:09.624,1.0,4.5,销售,否,2022-10-06,1.61
102900011032022,小皱皮(份),辣椒类,18:15:11.726,1.0,4.5,销售,否,2022-10-06,1.61
102900011032022,小皱皮(份),辣椒类,18:17:59.061,1.0,4.5,销售,否,2022-10-06,1.61
102900011032022,小皱皮(份),辣椒类,18:43:43.842,1.0,4.5,销售,否,2022-10-06,1.61
102900011032022,小皱皮(份),辣椒类,19:07:53.811,1.0,4.5,销售,否,2022-10-06,1.61
102900011032022,小皱皮(份),辣椒类,19:17:13.440,1.0,4.5,销售,否,2022-10-06,1.61
102900011032022,小皱皮(份),辣椒类,19:22:53.864,1.0,4.5,销售,否,2022-10-06,1.61
102900011032022,小皱皮(份),辣椒类,20:19:49.987,1.0,4.5,销售,否,2022-10-06,1.61
102900011032022,小皱皮(份),辣椒类,20:32:14.204,1.0,4.5,销售,否,2022-10-06,1.61
102900011032022,小皱皮(份),辣椒类,20:41:51.014,1.0,4.5,销售,否,2022-10-06,1.61
102900011032022,小皱皮(份),辣椒类,10:38:57.592,1.0,4.5,销售,否,2022-10-07,2.58
102900011032022,小皱皮(份),辣椒类,10:49:19.765,1.0,4.5,销售,否,2022-10-07,2.58
102900011032022,小皱皮(份),辣椒类,12:33:40.369,1.0,4.5,销售,否,2022-10-07,2.58
102900011032022,小皱皮(份),辣椒类,12:33:40.539,1.0,4.5,销售,否,2022-10-07,2.58
102900011032022,小皱皮(份),辣椒类,13:06:20.677,1.0,4.5,销售,否,2022-10-07,2.58
102900011032022,小皱皮(份),辣椒类,14:02:52.192,1.0,4.5,销售,否,2022-10-07,2.58
102900011032022,小皱皮(份),辣椒类,09:22:43.551,1.0,4.5,销售,否,2022-10-08,1.6
102900011032022,小皱皮(份),辣椒类,10:48:21.216,1.0,4.5,销售,否,2022-10-08,1.6
102900011032022,小皱皮(份),辣椒类,11:19:27.273,1.0,4.5,销售,否,2022-10-08,1.6
102900011032022,小皱皮(份),辣椒类,12:21:53.679,1.0,4.5,销售,否,2022-10-08,1.6
102900011032022,小皱皮(份),辣椒类,13:59:33.980,1.0,4.5,销售,否,2022-10-08,1.6
102900011032022,小皱皮(份),辣椒类,15:23:56.628,1.0,4.5,销售,否,2022-10-08,1.6
102900011032022,小皱皮(份),辣椒类,15:55:41.592,1.0,4.5,销售,否,2022-10-08,1.6
102900011032022,小皱皮(份),辣椒类,15:58:11.911,1.0,4.5,销售,否,2022-10-08,1.6
102900011032022,小皱皮(份),辣椒类,15:59:38.920,1.0,4.5,销售,否,2022-10-08,1.6
102900011032022,小皱皮(份),辣椒类,17:41:04.201,1.0,4.5,销售,否,2022-10-08,1.6
102900011032022,小皱皮(份),辣椒类,19:23:28.358,1.0,4.5,销售,否,2022-10-08,1.6
102900011032022,小皱皮(份),辣椒类,21:27:45.547,1.0,4.5,销售,否,2022-10-08,1.6
102900011032022,小皱皮(份),辣椒类,10:15:35.980,1.0,4.5,销售,否,2022-10-09,1.6
102900011032022,小皱皮(份),辣椒类,10:18:47.565,1.0,4.5,销售,否,2022-10-09,1.6
102900011032022,小皱皮(份),辣椒类,12:32:30.092,1.0,4.5,销售,否,2022-10-09,1.6
102900011032022,小皱皮(份),辣椒类,12:55:40.842,1.0,4.5,销售,否,2022-10-09,1.6
102900011032022,小皱皮(份),辣椒类,13:13:56.670,1.0,4.5,销售,否,2022-10-09,1.6
102900011032022,小皱皮(份),辣椒类,13:41:26.045,1.0,4.5,销售,否,2022-10-09,1.6
102900011032022,小皱皮(份),辣椒类,17:04:31.252,1.0,2.7,销售,是,2022-10-09,1.6
102900011032022,小皱皮(份),辣椒类,17:15:38.309,1.0,2.7,销售,是,2022-10-09,1.6
102900011032022,小皱皮(份),辣椒类,17:15:38.425,1.0,2.7,销售,是,2022-10-09,1.6
102900011032022,小皱皮(份),辣椒类,17:50:56.107,1.0,4.5,销售,否,2022-10-09,1.6
102900011032022,小皱皮(份),辣椒类,17:54:46.069,1.0,4.5,销售,否,2022-10-09,1.6
102900011032022,小皱皮(份),辣椒类,19:29:16.561,1.0,4.5,销售,否,2022-10-09,1.6
102900011032022,小皱皮(份),辣椒类,20:02:36.820,1.0,2.7,销售,是,2022-10-09,1.6
102900011032022,小皱皮(份),辣椒类,20:53:42.223,1.0,4.5,销售,否,2022-10-09,1.6
102900011032022,小皱皮(份),辣椒类,10:24:51.621,1.0,4.5,销售,否,2022-10-10,1.59
102900011032022,小皱皮(份),辣椒类,10:28:23.236,1.0,4.5,销售,否,2022-10-10,1.59
102900011032022,小皱皮(份),辣椒类,11:03:40.816,1.0,4.5,销售,否,2022-10-10,1.59
102900011032022,小皱皮(份),辣椒类,11:05:00.193,1.0,4.5,销售,否,2022-10-10,1.59
102900011032022,小皱皮(份),辣椒类,11:47:30.871,1.0,4.5,销售,否,2022-10-10,1.59
102900011032022,小皱皮(份),辣椒类,12:30:42.298,1.0,4.5,销售,否,2022-10-10,1.59
102900011032022,小皱皮(份),辣椒类,12:30:44.133,1.0,2.7,销售,是,2022-10-10,1.59
102900011032022,小皱皮(份),辣椒类,15:45:17.840,1.0,4.5,销售,否,2022-10-10,1.59
102900011032022,小皱皮(份),辣椒类,15:51:40.892,1.0,4.5,销售,否,2022-10-10,1.59
102900011032022,小皱皮(份),辣椒类,16:37:07.950,1.0,4.5,销售,否,2022-10-10,1.59
102900011032022,小皱皮(份),辣椒类,16:37:51.836,1.0,4.5,销售,否,2022-10-10,1.59
102900011032022,小皱皮(份),辣椒类,16:50:12.373,1.0,4.5,销售,否,2022-10-10,1.59
102900011032022,小皱皮(份),辣椒类,16:56:23.740,1.0,4.5,销售,否,2022-10-10,1.59
102900011032022,小皱皮(份),辣椒类,17:48:37.764,1.0,4.5,销售,否,2022-10-10,1.59
102900011032022,小皱皮(份),辣椒类,18:18:58.656,1.0,4.5,销售,否,2022-10-10,1.59
102900011032022,小皱皮(份),辣椒类,19:55:46.186,1.0,4.5,销售,否,2022-10-10,1.59
102900011032022,小皱皮(份),辣椒类,20:06:27.576,1.0,2.7,销售,是,2022-10-10,1.59
102900011032022,小皱皮(份),辣椒类,20:29:11.608,1.0,4.5,销售,否,2022-10-10,1.59
102900011032022,小皱皮(份),辣椒类,20:32:40.142,1.0,4.5,销售,否,2022-10-10,1.59
102900011032022,小皱皮(份),辣椒类,20:39:28.623,1.0,4.5,销售,否,2022-10-10,1.59
102900011032022,小皱皮(份),辣椒类,20:39:30.545,1.0,4.5,销售,否,2022-10-10,1.59
102900011032022,小皱皮(份),辣椒类,21:00:10.610,1.0,2.7,销售,是,2022-10-10,1.59
102900011032022,小皱皮(份),辣椒类,21:34:49.780,1.0,4.5,销售,否,2022-10-10,1.59
102900011032022,小皱皮(份),辣椒类,11:09:34.263,1.0,2.7,销售,是,2022-10-11,1.59
102900011032022,小皱皮(份),辣椒类,11:09:34.370,1.0,2.7,销售,是,2022-10-11,1.59
102900011032022,小皱皮(份),辣椒类,13:13:47.040,1.0,4.5,销售,否,2022-10-11,1.59
102900011032022,小皱皮(份),辣椒类,14:24:07.395,1.0,4.5,销售,否,2022-10-11,1.59
102900011032022,小皱皮(份),辣椒类,14:36:31.108,1.0,4.5,销售,否,2022-10-11,1.59
102900011032022,小皱皮(份),辣椒类,15:28:59.254,1.0,4.5,销售,否,2022-10-11,1.59
102900011032022,小皱皮(份),辣椒类,16:39:32.506,1.0,4.5,销售,否,2022-10-11,1.59
102900011032022,小皱皮(份),辣椒类,16:44:38.944,1.0,4.5,销售,否,2022-10-11,1.59
102900011032022,小皱皮(份),辣椒类,18:35:58.525,1.0,4.5,销售,否,2022-10-11,1.59
102900011032022,小皱皮(份),辣椒类,18:47:04.964,1.0,4.5,销售,否,2022-10-11,1.59
102900011032022,小皱皮(份),辣椒类,18:48:05.872,1.0,4.5,销售,否,2022-10-11,1.59
102900011032022,小皱皮(份),辣椒类,19:18:57.558,1.0,2.7,销售,是,2022-10-11,1.59
102900011032022,小皱皮(份),辣椒类,19:18:57.872,1.0,2.7,销售,是,2022-10-11,1.59
102900011032022,小皱皮(份),辣椒类,19:41:09.637,1.0,2.7,销售,是,2022-10-11,1.59
102900011032022,小皱皮(份),辣椒类,20:53:49.837,1.0,4.5,销售,否,2022-10-11,1.59
102900011032022,小皱皮(份),辣椒类,21:00:16.761,1.0,4.5,销售,否,2022-10-11,1.59
102900011032022,小皱皮(份),辣椒类,21:14:34.895,1.0,4.5,销售,否,2022-10-11,1.59
102900011032022,小皱皮(份),辣椒类,21:37:50.501,1.0,2.7,销售,是,2022-10-11,1.59
102900011032022,小皱皮(份),辣椒类,12:23:51.685,1.0,4.5,销售,否,2022-10-12,1.73
102900011032022,小皱皮(份),辣椒类,15:34:22.458,1.0,4.5,销售,否,2022-10-12,1.73
102900011032022,小皱皮(份),辣椒类,16:16:11.472,1.0,4.5,销售,否,2022-10-12,1.73
102900011032022,小皱皮(份),辣椒类,17:26:36.117,1.0,2.7,销售,是,2022-10-12,1.73
102900011032022,小皱皮(份),辣椒类,17:34:15.452,1.0,4.5,销售,否,2022-10-12,1.73
102900011032022,小皱皮(份),辣椒类,17:50:16.155,1.0,2.7,销售,是,2022-10-12,1.73
102900011032022,小皱皮(份),辣椒类,19:22:13.767,1.0,2.7,销售,是,2022-10-12,1.73
102900011032022,小皱皮(份),辣椒类,19:46:26.998,1.0,2.7,销售,是,2022-10-12,1.73
102900011032022,小皱皮(份),辣椒类,19:46:38.381,1.0,2.7,销售,是,2022-10-12,1.73
102900011032022,小皱皮(份),辣椒类,19:51:32.620,1.0,2.7,销售,是,2022-10-12,1.73
102900011032022,小皱皮(份),辣椒类,20:00:11.287,1.0,2.7,销售,是,2022-10-12,1.73
102900011032022,小皱皮(份),辣椒类,20:24:05.023,1.0,2.7,销售,是,2022-10-12,1.73
102900011032022,小皱皮(份),辣椒类,20:29:15.999,1.0,2.7,销售,是,2022-10-12,1.73
102900011032022,小皱皮(份),辣椒类,21:14:39.489,1.0,2.7,销售,是,2022-10-12,1.73
102900011032022,小皱皮(份),辣椒类,21:14:39.621,1.0,2.7,销售,是,2022-10-12,1.73
102900011032022,小皱皮(份),辣椒类,21:17:31.104,1.0,2.7,销售,是,2022-10-12,1.73
102900011032022,小皱皮(份),辣椒类,21:17:31.504,1.0,2.7,销售,是,2022-10-12,1.73
102900011032022,小皱皮(份),辣椒类,21:22:08.701,1.0,2.7,销售,是,2022-10-12,1.73
102900011032022,小皱皮(份),辣椒类,21:22:23.264,1.0,2.7,销售,是,2022-10-12,1.73
102900011032022,小皱皮(份),辣椒类,21:31:08.378,1.0,2.7,销售,是,2022-10-12,1.73
102900011032022,小皱皮(份),辣椒类,11:13:12.475,1.0,2.7,销售,是,2022-10-13,1.77
102900011032022,小皱皮(份),辣椒类,11:38:14.775,1.0,4.5,销售,否,2022-10-13,1.77
102900011032022,小皱皮(份),辣椒类,13:41:28.014,1.0,2.7,销售,是,2022-10-13,1.77
102900011032022,小皱皮(份),辣椒类,16:26:33.510,1.0,4.5,销售,否,2022-10-13,1.77
102900011032022,小皱皮(份),辣椒类,17:49:35.858,1.0,2.7,销售,是,2022-10-13,1.77
102900011032022,小皱皮(份),辣椒类,18:48:21.270,1.0,4.5,销售,否,2022-10-14,1.85
102900011032022,小皱皮(份),辣椒类,18:52:05.027,1.0,4.5,销售,否,2022-10-14,1.85
102900011032022,小皱皮(份),辣椒类,19:38:22.955,1.0,4.5,销售,否,2022-10-14,1.85
102900011032022,小皱皮(份),辣椒类,09:19:01.965,1.0,4.5,销售,否,2022-10-15,1.66
102900011032022,小皱皮(份),辣椒类,09:56:47.075,1.0,4.5,销售,否,2022-10-15,1.66
102900011032022,小皱皮(份),辣椒类,10:07:59.766,1.0,4.5,销售,否,2022-10-15,1.66
102900011032022,小皱皮(份),辣椒类,10:07:59.938,1.0,4.5,销售,否,2022-10-15,1.66
102900011032022,小皱皮(份),辣椒类,10:37:40.994,1.0,4.5,销售,否,2022-10-15,1.66
102900011032022,小皱皮(份),辣椒类,10:52:14.118,1.0,4.5,销售,否,2022-10-15,1.66
102900011032022,小皱皮(份),辣椒类,10:55:10.540,1.0,4.5,销售,否,2022-10-15,1.66
102900011032022,小皱皮(份),辣椒类,11:00:30.139,1.0,4.5,销售,否,2022-10-15,1.66
102900011032022,小皱皮(份),辣椒类,11:30:20.446,1.0,4.5,销售,否,2022-10-15,1.66
102900011032022,小皱皮(份),辣椒类,11:59:57.255,1.0,4.5,销售,否,2022-10-15,1.66
102900011032022,小皱皮(份),辣椒类,12:02:29.848,1.0,4.5,销售,否,2022-10-15,1.66
102900011032022,小皱皮(份),辣椒类,12:57:26.899,1.0,4.5,销售,否,2022-10-15,1.66
102900011032022,小皱皮(份),辣椒类,15:15:12.830,1.0,4.5,销售,否,2022-10-15,1.66
102900011032022,小皱皮(份),辣椒类,15:47:11.171,1.0,4.5,销售,否,2022-10-15,1.66
102900011032022,小皱皮(份),辣椒类,16:17:07.554,1.0,4.5,销售,否,2022-10-15,1.66
102900011032022,小皱皮(份),辣椒类,17:18:24.078,1.0,4.5,销售,否,2022-10-15,1.66
102900011032022,小皱皮(份),辣椒类,17:20:33.992,1.0,4.5,销售,否,2022-10-15,1.66
102900011032022,小皱皮(份),辣椒类,17:23:12.139,1.0,4.5,销售,否,2022-10-15,1.66
102900011032022,小皱皮(份),辣椒类,17:25:40.311,1.0,4.5,销售,否,2022-10-15,1.66
102900011032022,小皱皮(份),辣椒类,18:41:28.488,1.0,4.5,销售,否,2022-10-15,1.66
102900011032022,小皱皮(份),辣椒类,19:14:35.311,1.0,4.5,销售,否,2022-10-15,1.66
102900011032022,小皱皮(份),辣椒类,19:45:57.204,1.0,4.5,销售,否,2022-10-15,1.66
102900011032022,小皱皮(份),辣椒类,20:58:54.757,1.0,4.5,销售,否,2022-10-15,1.66
102900011032022,小皱皮(份),辣椒类,21:36:43.141,1.0,4.5,销售,否,2022-10-15,1.66
102900011032022,小皱皮(份),辣椒类,09:32:28.170,1.0,4.5,销售,否,2022-10-16,1.53
102900011032022,小皱皮(份),辣椒类,11:12:40.849,1.0,4.5,销售,否,2022-10-16,1.53
102900011032022,小皱皮(份),辣椒类,11:12:41.030,1.0,4.5,销售,否,2022-10-16,1.53
102900011032022,小皱皮(份),辣椒类,11:12:41.208,1.0,4.5,销售,否,2022-10-16,1.53
102900011032022,小皱皮(份),辣椒类,12:24:57.257,1.0,4.5,销售,否,2022-10-16,1.53
102900011032022,小皱皮(份),辣椒类,13:24:02.623,1.0,4.5,销售,否,2022-10-16,1.53
102900011032022,小皱皮(份),辣椒类,13:50:49.905,1.0,4.5,销售,否,2022-10-16,1.53
102900011032022,小皱皮(份),辣椒类,15:58:55.457,1.0,4.5,销售,否,2022-10-16,1.53
102900011032022,小皱皮(份),辣椒类,16:46:53.189,1.0,4.5,销售,否,2022-10-16,1.53
102900011032022,小皱皮(份),辣椒类,17:25:25.863,1.0,4.5,销售,否,2022-10-16,1.53
102900011032022,小皱皮(份),辣椒类,18:44:38.254,1.0,2.7,销售,是,2022-10-16,1.53
102900011032022,小皱皮(份),辣椒类,18:44:38.355,1.0,2.7,销售,是,2022-10-16,1.53
102900011032022,小皱皮(份),辣椒类,19:12:29.852,1.0,4.5,销售,否,2022-10-16,1.53
102900011032022,小皱皮(份),辣椒类,19:22:04.010,1.0,2.7,销售,是,2022-10-16,1.53
102900011032022,小皱皮(份),辣椒类,19:27:54.990,1.0,2.7,销售,是,2022-10-16,1.53
102900011032022,小皱皮(份),辣椒类,20:56:43.348,1.0,2.7,销售,是,2022-10-16,1.53
102900011032022,小皱皮(份),辣椒类,20:56:43.769,1.0,2.7,销售,是,2022-10-16,1.53
102900011032022,小皱皮(份),辣椒类,12:10:31.780,1.0,4.5,销售,否,2022-10-17,1.53
102900011032022,小皱皮(份),辣椒类,16:54:09.623,1.0,4.5,销售,否,2022-10-17,1.53
102900011032022,小皱皮(份),辣椒类,17:52:56.613,1.0,4.5,销售,否,2022-10-17,1.53
102900011032022,小皱皮(份),辣椒类,19:12:14.320,1.0,4.5,销售,否,2022-10-17,1.53
102900011032022,小皱皮(份),辣椒类,19:26:05.445,1.0,4.5,销售,否,2022-10-17,1.53
102900011032022,小皱皮(份),辣椒类,20:34:47.767,1.0,4.5,销售,否,2022-10-17,1.53
102900011032022,小皱皮(份),辣椒类,20:34:47.948,1.0,4.5,销售,否,2022-10-17,1.53
102900011032022,小皱皮(份),辣椒类,20:42:15.138,1.0,4.5,销售,否,2022-10-17,1.53
102900011032022,小皱皮(份),辣椒类,20:47:49.109,1.0,2.7,销售,是,2022-10-17,1.53
102900011032022,小皱皮(份),辣椒类,20:54:38.058,1.0,2.7,销售,是,2022-10-17,1.53
102900011032022,小皱皮(份),辣椒类,20:56:42.190,1.0,2.7,销售,是,2022-10-17,1.53
102900011032022,小皱皮(份),辣椒类,21:00:02.555,1.0,4.5,销售,否,2022-10-17,1.53
102900011032022,小皱皮(份),辣椒类,21:23:32.996,1.0,2.7,销售,是,2022-10-17,1.53
102900011032022,小皱皮(份),辣椒类,21:23:33.184,1.0,2.7,销售,是,2022-10-17,1.53
102900011032022,小皱皮(份),辣椒类,21:27:40.623,1.0,4.5,销售,否,2022-10-17,1.53
102900011032022,小皱皮(份),辣椒类,21:32:20.490,1.0,2.7,销售,是,2022-10-17,1.53
102900011032022,小皱皮(份),辣椒类,21:41:28.708,1.0,2.7,销售,是,2022-10-17,1.53
102900011032022,小皱皮(份),辣椒类,11:21:13.436,1.0,2.7,销售,是,2022-10-18,1.57
102900011032022,小皱皮(份),辣椒类,11:41:40.275,1.0,4.5,销售,否,2022-10-18,1.57
102900011032022,小皱皮(份),辣椒类,13:25:34.155,1.0,4.5,销售,否,2022-10-18,1.57
102900011032022,小皱皮(份),辣椒类,13:56:58.765,1.0,2.7,销售,是,2022-10-18,1.57
102900011032022,小皱皮(份),辣椒类,16:14:39.428,1.0,2.7,销售,是,2022-10-18,1.57
102900011032022,小皱皮(份),辣椒类,16:36:48.030,1.0,2.7,销售,是,2022-10-18,1.57
102900011032022,小皱皮(份),辣椒类,16:36:48.128,1.0,2.7,销售,是,2022-10-18,1.57
102900011032022,小皱皮(份),辣椒类,16:50:13.373,1.0,4.5,销售,否,2022-10-18,1.57
102900011032022,小皱皮(份),辣椒类,17:17:20.713,1.0,4.5,销售,否,2022-10-18,1.57
102900011032022,小皱皮(份),辣椒类,17:36:42.733,1.0,2.7,销售,是,2022-10-18,1.57
102900011032022,小皱皮(份),辣椒类,17:48:08.849,1.0,4.5,销售,否,2022-10-18,1.57
102900011032022,小皱皮(份),辣椒类,17:48:28.971,1.0,4.5,销售,否,2022-10-18,1.57
102900011032022,小皱皮(份),辣椒类,17:56:22.803,1.0,4.5,销售,否,2022-10-18,1.57
102900011032022,小皱皮(份),辣椒类,18:30:13.483,1.0,4.5,销售,否,2022-10-18,1.57
102900011032022,小皱皮(份),辣椒类,19:03:11.297,1.0,4.5,销售,否,2022-10-18,1.57
102900011032022,小皱皮(份),辣椒类,19:15:49.830,1.0,4.5,销售,否,2022-10-18,1.57
102900011032022,小皱皮(份),辣椒类,19:23:11.894,1.0,2.7,销售,是,2022-10-18,1.57
102900011032022,小皱皮(份),辣椒类,19:26:00.040,1.0,2.7,销售,是,2022-10-18,1.57
102900011032022,小皱皮(份),辣椒类,20:02:50.640,1.0,2.7,销售,是,2022-10-18,1.57
102900011032022,小皱皮(份),辣椒类,20:16:07.389,1.0,2.7,销售,是,2022-10-18,1.57
102900011032022,小皱皮(份),辣椒类,20:17:58.291,1.0,2.7,销售,是,2022-10-18,1.57
102900011032022,小皱皮(份),辣椒类,20:37:09.475,1.0,4.5,销售,否,2022-10-18,1.57
102900011032022,小皱皮(份),辣椒类,21:15:30.670,1.0,4.5,销售,否,2022-10-18,1.57
102900011032022,小皱皮(份),辣椒类,09:31:14.608,1.0,4.5,销售,否,2022-10-19,1.62
102900011032022,小皱皮(份),辣椒类,10:28:28.567,1.0,4.5,销售,否,2022-10-19,1.62
102900011032022,小皱皮(份),辣椒类,11:49:14.372,1.0,4.5,销售,否,2022-10-19,1.62
102900011032022,小皱皮(份),辣椒类,13:32:33.644,1.0,4.5,销售,否,2022-10-19,1.62
102900011032022,小皱皮(份),辣椒类,16:54:52.477,1.0,4.5,销售,否,2022-10-19,1.62
102900011032022,小皱皮(份),辣椒类,17:30:19.041,1.0,2.7,销售,是,2022-10-19,1.62
102900011032022,小皱皮(份),辣椒类,19:11:51.936,1.0,2.7,销售,是,2022-10-19,1.62
102900011032022,小皱皮(份),辣椒类,19:41:06.006,1.0,2.7,销售,是,2022-10-19,1.62
102900011032022,小皱皮(份),辣椒类,20:40:43.983,1.0,2.7,销售,是,2022-10-19,1.62
102900011032022,小皱皮(份),辣椒类,20:41:54.009,1.0,2.7,销售,是,2022-10-19,1.62
102900011032022,小皱皮(份),辣椒类,20:41:54.176,1.0,2.7,销售,是,2022-10-19,1.62
102900011032022,小皱皮(份),辣椒类,21:20:38.106,1.0,2.7,销售,是,2022-10-19,1.62
102900011032022,小皱皮(份),辣椒类,21:37:03.530,1.0,2.7,销售,是,2022-10-19,1.62
102900011032022,小皱皮(份),辣椒类,21:37:07.373,1.0,2.7,销售,是,2022-10-19,1.62
102900011032022,小皱皮(份),辣椒类,09:33:12.000,1.0,4.5,销售,否,2022-10-20,1.64
102900011032022,小皱皮(份),辣椒类,09:38:50.342,1.0,4.5,销售,否,2022-10-20,1.64
102900011032022,小皱皮(份),辣椒类,10:20:48.987,1.0,4.5,销售,否,2022-10-20,1.64
102900011032022,小皱皮(份),辣椒类,10:22:56.401,1.0,4.5,销售,否,2022-10-20,1.64
102900011032022,小皱皮(份),辣椒类,10:25:01.529,1.0,2.7,销售,是,2022-10-20,1.64
102900011032022,小皱皮(份),辣椒类,11:19:12.592,1.0,4.5,销售,否,2022-10-20,1.64
102900011032022,小皱皮(份),辣椒类,13:44:13.873,1.0,2.7,销售,是,2022-10-20,1.64
102900011032022,小皱皮(份),辣椒类,13:46:58.032,1.0,4.5,销售,否,2022-10-20,1.64
102900011032022,小皱皮(份),辣椒类,15:36:10.905,1.0,4.5,销售,否,2022-10-20,1.64
102900011032022,小皱皮(份),辣椒类,15:36:15.326,1.0,2.7,销售,是,2022-10-20,1.64
102900011032022,小皱皮(份),辣椒类,16:55:57.553,1.0,2.7,销售,是,2022-10-20,1.64
102900011032022,小皱皮(份),辣椒类,17:40:11.951,1.0,4.5,销售,否,2022-10-20,1.64
102900011032022,小皱皮(份),辣椒类,17:40:14.076,1.0,4.5,销售,否,2022-10-20,1.64
102900011032022,小皱皮(份),辣椒类,18:18:24.591,1.0,2.7,销售,是,2022-10-20,1.64
102900011032022,小皱皮(份),辣椒类,20:01:33.043,1.0,2.7,销售,是,2022-10-20,1.64
102900011032022,小皱皮(份),辣椒类,20:08:41.036,1.0,2.7,销售,是,2022-10-20,1.64
102900011032022,小皱皮(份),辣椒类,20:28:11.452,1.0,2.7,销售,是,2022-10-20,1.64
102900011032022,小皱皮(份),辣椒类,21:01:38.633,1.0,2.7,销售,是,2022-10-20,1.64
102900011032022,小皱皮(份),辣椒类,09:42:46.217,1.0,4.5,销售,否,2022-10-21,1.8
102900011032022,小皱皮(份),辣椒类,09:48:17.002,1.0,2.7,销售,是,2022-10-21,1.8
102900011032022,小皱皮(份),辣椒类,09:58:56.289,1.0,4.5,销售,否,2022-10-21,1.8
102900011032022,小皱皮(份),辣椒类,10:03:18.938,1.0,2.7,销售,是,2022-10-21,1.8
102900011032022,小皱皮(份),辣椒类,10:11:53.390,1.0,2.7,销售,是,2022-10-21,1.8
102900011032022,小皱皮(份),辣椒类,10:35:12.130,1.0,4.5,销售,否,2022-10-21,1.8
102900011032022,小皱皮(份),辣椒类,10:35:12.473,1.0,4.5,销售,否,2022-10-21,1.8
102900011032022,小皱皮(份),辣椒类,10:43:15.928,1.0,2.7,销售,是,2022-10-21,1.8
102900011032022,小皱皮(份),辣椒类,11:17:29.749,1.0,2.7,销售,是,2022-10-21,1.8
102900011032022,小皱皮(份),辣椒类,11:25:59.092,1.0,2.7,销售,是,2022-10-21,1.8
102900011032022,小皱皮(份),辣椒类,11:26:26.309,1.0,4.5,销售,否,2022-10-21,1.8
102900011032022,小皱皮(份),辣椒类,11:49:37.514,1.0,4.5,销售,否,2022-10-21,1.8
102900011032022,小皱皮(份),辣椒类,12:38:26.920,1.0,4.5,销售,否,2022-10-21,1.8
102900011032022,小皱皮(份),辣椒类,12:38:28.780,1.0,4.5,销售,否,2022-10-21,1.8
102900011032022,小皱皮(份),辣椒类,13:07:12.561,1.0,2.7,销售,是,2022-10-21,1.8
102900011032022,小皱皮(份),辣椒类,14:08:07.170,1.0,2.7,销售,是,2022-10-21,1.8
102900011032022,小皱皮(份),辣椒类,14:20:56.702,1.0,4.5,销售,否,2022-10-21,1.8
102900011032022,小皱皮(份),辣椒类,14:57:07.980,1.0,2.7,销售,是,2022-10-21,1.8
102900011032022,小皱皮(份),辣椒类,15:41:14.295,1.0,4.5,销售,否,2022-10-21,1.8
102900011032022,小皱皮(份),辣椒类,15:41:17.233,1.0,4.5,销售,否,2022-10-21,1.8
102900011032022,小皱皮(份),辣椒类,16:13:18.967,1.0,2.7,销售,是,2022-10-21,1.8
102900011032022,小皱皮(份),辣椒类,16:25:02.530,1.0,4.5,销售,否,2022-10-21,1.8
102900011032022,小皱皮(份),辣椒类,17:08:40.756,1.0,2.7,销售,是,2022-10-21,1.8
102900011032022,小皱皮(份),辣椒类,17:09:08.531,1.0,2.7,销售,是,2022-10-21,1.8
102900011032022,小皱皮(份),辣椒类,18:00:48.176,1.0,4.5,销售,否,2022-10-21,1.8
102900011032022,小皱皮(份),辣椒类,18:16:02.309,1.0,2.7,销售,是,2022-10-21,1.8
102900011032022,小皱皮(份),辣椒类,18:16:02.606,1.0,4.5,销售,否,2022-10-21,1.8
102900011032022,小皱皮(份),辣椒类,18:16:02.778,1.0,4.5,销售,否,2022-10-21,1.8
102900011032022,小皱皮(份),辣椒类,18:17:46.452,1.0,4.5,销售,否,2022-10-21,1.8
102900011032022,小皱皮(份),辣椒类,18:17:54.723,1.0,4.5,销售,否,2022-10-21,1.8
102900011032022,小皱皮(份),辣椒类,18:17:55.085,1.0,4.5,销售,否,2022-10-21,1.8
102900011032022,小皱皮(份),辣椒类,18:17:55.450,1.0,4.5,销售,否,2022-10-21,1.8
102900011032022,小皱皮(份),辣椒类,18:42:44.519,1.0,4.5,销售,否,2022-10-21,1.8
102900011032022,小皱皮(份),辣椒类,19:54:44.540,1.0,2.7,销售,是,2022-10-21,1.8
102900011032022,小皱皮(份),辣椒类,19:54:44.817,1.0,4.5,销售,否,2022-10-21,1.8
102900011032022,小皱皮(份),辣椒类,20:17:35.006,1.0,2.7,销售,是,2022-10-21,1.8
102900011032022,小皱皮(份),辣椒类,09:35:43.530,1.0,4.5,销售,否,2022-10-22,1.45
102900011032022,小皱皮(份),辣椒类,09:35:56.998,1.0,4.5,销售,否,2022-10-22,1.45
102900011032022,小皱皮(份),辣椒类,11:35:05.811,1.0,4.5,销售,否,2022-10-22,1.45
102900011032022,小皱皮(份),辣椒类,16:03:15.901,1.0,4.5,销售,否,2022-10-22,1.45
102900011032022,小皱皮(份),辣椒类,16:42:16.373,1.0,4.5,销售,否,2022-10-22,1.45
102900011032022,小皱皮(份),辣椒类,16:56:57.246,1.0,4.5,销售,否,2022-10-22,1.45
102900011032022,小皱皮(份),辣椒类,17:17:59.966,1.0,4.5,销售,否,2022-10-22,1.45
102900011032022,小皱皮(份),辣椒类,11:31:30.325,1.0,4.5,销售,否,2022-10-23,1.44
102900011032022,小皱皮(份),辣椒类,17:49:34.914,1.0,4.5,销售,否,2022-10-24,1.54
102900011032022,小皱皮(份),辣椒类,09:25:14.266,1.0,2.9,销售,否,2022-10-25,1.41
102900011032022,小皱皮(份),辣椒类,09:44:57.264,1.0,2.9,销售,否,2022-10-25,1.41
102900011032022,小皱皮(份),辣椒类,09:44:57.445,1.0,2.9,销售,否,2022-10-25,1.41
102900011032022,小皱皮(份),辣椒类,10:49:40.006,1.0,2.9,销售,否,2022-10-25,1.41
102900011032022,小皱皮(份),辣椒类,10:50:21.846,1.0,2.9,销售,否,2022-10-25,1.41
102900011032022,小皱皮(份),辣椒类,10:50:52.086,1.0,2.9,销售,否,2022-10-25,1.41
102900011032022,小皱皮(份),辣椒类,12:22:49.463,1.0,2.9,销售,否,2022-10-25,1.41
102900011032022,小皱皮(份),辣椒类,15:59:28.374,1.0,2.9,销售,否,2022-10-25,1.41
102900011032022,小皱皮(份),辣椒类,16:12:35.838,1.0,2.9,销售,否,2022-10-25,1.41
102900011032022,小皱皮(份),辣椒类,16:26:51.588,1.0,2.9,销售,否,2022-10-25,1.41
102900011032022,小皱皮(份),辣椒类,16:41:01.856,1.0,2.9,销售,否,2022-10-25,1.41
102900011032022,小皱皮(份),辣椒类,18:35:54.717,1.0,1.7,销售,是,2022-10-25,1.41
102900011032022,小皱皮(份),辣椒类,18:53:45.808,1.0,2.9,销售,否,2022-10-25,1.41
102900011032022,小皱皮(份),辣椒类,19:04:17.561,1.0,2.9,销售,否,2022-10-25,1.41
102900011032022,小皱皮(份),辣椒类,19:56:13.030,1.0,2.9,销售,否,2022-10-25,1.41
102900011032022,小皱皮(份),辣椒类,19:58:01.647,1.0,1.7,销售,是,2022-10-25,1.41
102900011032022,小皱皮(份),辣椒类,21:29:07.850,1.0,1.7,销售,是,2022-10-25,1.41
102900011032022,小皱皮(份),辣椒类,21:29:07.948,1.0,1.7,销售,是,2022-10-25,1.41
102900011032022,小皱皮(份),辣椒类,21:29:24.205,1.0,1.7,销售,是,2022-10-25,1.41
102900011032022,小皱皮(份),辣椒类,21:29:24.310,1.0,1.7,销售,是,2022-10-25,1.41
102900011032022,小皱皮(份),辣椒类,10:15:19.168,1.0,2.9,销售,否,2022-10-26,1.35
102900011032022,小皱皮(份),辣椒类,11:10:04.190,1.0,2.9,销售,否,2022-10-26,1.35
102900011032022,小皱皮(份),辣椒类,14:35:05.234,1.0,2.9,销售,否,2022-10-26,1.35
102900011032022,小皱皮(份),辣椒类,15:12:29.128,1.0,2.9,销售,否,2022-10-26,1.35
102900011032022,小皱皮(份),辣椒类,17:12:30.233,1.0,2.9,销售,否,2022-10-26,1.35
102900011032022,小皱皮(份),辣椒类,17:13:19.003,1.0,1.7,销售,是,2022-10-26,1.35
102900011032022,小皱皮(份),辣椒类,18:05:47.007,1.0,2.9,销售,否,2022-10-26,1.35
102900011032022,小皱皮(份),辣椒类,18:19:20.753,1.0,1.7,销售,是,2022-10-26,1.35
102900011032022,小皱皮(份),辣椒类,18:36:30.186,1.0,1.7,销售,是,2022-10-26,1.35
102900011032022,小皱皮(份),辣椒类,18:38:51.342,1.0,1.7,销售,是,2022-10-26,1.35
102900011032022,小皱皮(份),辣椒类,19:42:55.463,1.0,1.7,销售,是,2022-10-26,1.35
102900011032022,小皱皮(份),辣椒类,19:42:55.786,1.0,2.9,销售,否,2022-10-26,1.35
102900011032022,小皱皮(份),辣椒类,20:15:53.388,1.0,1.7,销售,是,2022-10-26,1.35
102900011032022,小皱皮(份),辣椒类,20:16:49.121,1.0,1.7,销售,是,2022-10-26,1.35
102900011032022,小皱皮(份),辣椒类,20:29:59.714,1.0,2.9,销售,否,2022-10-26,1.35
102900011032022,小皱皮(份),辣椒类,21:13:29.758,1.0,1.7,销售,是,2022-10-26,1.35
102900011032022,小皱皮(份),辣椒类,21:13:29.876,1.0,1.7,销售,是,2022-10-26,1.35
102900011032022,小皱皮(份),辣椒类,21:13:29.990,1.0,1.7,销售,是,2022-10-26,1.35
102900011032022,小皱皮(份),辣椒类,21:13:30.104,1.0,1.7,销售,是,2022-10-26,1.35
102900011032022,小皱皮(份),辣椒类,21:13:30.218,1.0,1.7,销售,是,2022-10-26,1.35
102900011032022,小皱皮(份),辣椒类,21:30:03.097,1.0,1.7,销售,是,2022-10-26,1.35
102900011032022,小皱皮(份),辣椒类,11:28:20.300,1.0,2.9,销售,否,2022-10-27,1.08
102900011032022,小皱皮(份),辣椒类,12:21:05.571,1.0,2.9,销售,否,2022-10-27,1.08
102900011032022,小皱皮(份),辣椒类,12:38:54.064,1.0,2.9,销售,否,2022-10-27,1.08
102900011032022,小皱皮(份),辣椒类,14:34:28.179,1.0,2.9,销售,否,2022-10-27,1.08
102900011032022,小皱皮(份),辣椒类,14:39:21.014,1.0,2.9,销售,否,2022-10-27,1.08
102900011032022,小皱皮(份),辣椒类,15:18:46.003,1.0,2.9,销售,否,2022-10-27,1.08
102900011032022,小皱皮(份),辣椒类,17:38:44.896,1.0,2.9,销售,否,2022-10-27,1.08
102900011032022,小皱皮(份),辣椒类,17:41:23.295,1.0,2.9,销售,否,2022-10-27,1.08
102900011032022,小皱皮(份),辣椒类,18:44:44.530,1.0,1.7,销售,是,2022-10-27,1.08
102900011032022,小皱皮(份),辣椒类,18:44:47.826,1.0,1.7,销售,是,2022-10-27,1.08
102900011032022,小皱皮(份),辣椒类,19:47:25.279,1.0,2.9,销售,否,2022-10-27,1.08
102900011032022,小皱皮(份),辣椒类,20:14:30.987,1.0,1.7,销售,是,2022-10-27,1.08
102900011032022,小皱皮(份),辣椒类,20:40:52.569,1.0,1.7,销售,是,2022-10-27,1.08
102900011032022,小皱皮(份),辣椒类,21:11:45.210,1.0,1.7,销售,是,2022-10-27,1.08
102900011032022,小皱皮(份),辣椒类,21:31:17.908,1.0,1.7,销售,是,2022-10-27,1.08
102900011032022,小皱皮(份),辣椒类,11:25:42.390,1.0,2.9,销售,否,2022-10-28,1.08
102900011032022,小皱皮(份),辣椒类,11:31:19.361,1.0,2.9,销售,否,2022-10-28,1.08
102900011032022,小皱皮(份),辣椒类,12:29:13.639,1.0,2.9,销售,否,2022-10-28,1.08
102900011032022,小皱皮(份),辣椒类,14:13:24.092,1.0,2.9,销售,否,2022-10-28,1.08
102900011032022,小皱皮(份),辣椒类,14:15:28.260,1.0,2.9,销售,否,2022-10-28,1.08
102900011032022,小皱皮(份),辣椒类,14:51:36.561,1.0,2.9,销售,否,2022-10-28,1.08
102900011032022,小皱皮(份),辣椒类,18:36:48.248,1.0,2.9,销售,否,2022-10-28,1.08
102900011032022,小皱皮(份),辣椒类,18:37:08.217,1.0,2.9,销售,否,2022-10-28,1.08
102900011032022,小皱皮(份),辣椒类,18:39:24.783,1.0,2.9,销售,否,2022-10-28,1.08
102900011032022,小皱皮(份),辣椒类,19:01:25.286,1.0,2.9,销售,否,2022-10-28,1.08
102900011032022,小皱皮(份),辣椒类,19:10:07.456,1.0,2.9,销售,否,2022-10-28,1.08
102900011032022,小皱皮(份),辣椒类,19:35:49.988,1.0,2.9,销售,否,2022-10-28,1.08
102900011032022,小皱皮(份),辣椒类,19:41:03.759,1.0,2.9,销售,否,2022-10-28,1.08
102900011032022,小皱皮(份),辣椒类,20:27:43.951,1.0,1.7,销售,是,2022-10-28,1.08
102900011032022,小皱皮(份),辣椒类,20:28:16.733,1.0,1.7,销售,是,2022-10-28,1.08
102900011032022,小皱皮(份),辣椒类,20:55:41.998,1.0,2.9,销售,否,2022-10-28,1.08
102900011032022,小皱皮(份),辣椒类,21:22:49.923,1.0,1.7,销售,是,2022-10-28,1.08
102900011032022,小皱皮(份),辣椒类,09:52:22.787,1.0,2.9,销售,否,2022-10-29,1.1
102900011032022,小皱皮(份),辣椒类,10:12:34.449,1.0,2.9,销售,否,2022-10-29,1.1
102900011032022,小皱皮(份),辣椒类,10:23:52.315,1.0,1.7,销售,是,2022-10-29,1.1
102900011032022,小皱皮(份),辣椒类,10:23:52.421,1.0,1.7,销售,是,2022-10-29,1.1
102900011032022,小皱皮(份),辣椒类,10:42:01.750,1.0,2.9,销售,否,2022-10-29,1.1
102900011032022,小皱皮(份),辣椒类,11:09:24.793,1.0,2.9,销售,否,2022-10-29,1.1
102900011032022,小皱皮(份),辣椒类,11:19:52.061,1.0,2.9,销售,否,2022-10-29,1.1
102900011032022,小皱皮(份),辣椒类,11:22:48.284,1.0,2.9,销售,否,2022-10-29,1.1
102900011032022,小皱皮(份),辣椒类,12:53:38.514,1.0,1.7,销售,是,2022-10-29,1.1
102900011032022,小皱皮(份),辣椒类,13:18:30.555,1.0,1.7,销售,是,2022-10-29,1.1
102900011032022,小皱皮(份),辣椒类,15:41:48.396,1.0,1.7,销售,是,2022-10-29,1.1
102900011032022,小皱皮(份),辣椒类,16:38:22.440,1.0,2.9,销售,否,2022-10-29,1.1
102900011032022,小皱皮(份),辣椒类,17:01:14.076,1.0,2.9,销售,否,2022-10-29,1.1
102900011032022,小皱皮(份),辣椒类,17:53:24.530,1.0,2.9,销售,否,2022-10-29,1.1
102900011032022,小皱皮(份),辣椒类,18:32:34.223,1.0,2.9,销售,否,2022-10-29,1.1
102900011032022,小皱皮(份),辣椒类,19:09:24.342,1.0,2.9,销售,否,2022-10-29,1.1
102900011032022,小皱皮(份),辣椒类,19:09:37.186,1.0,2.9,销售,否,2022-10-29,1.1
102900011032022,小皱皮(份),辣椒类,19:32:50.436,1.0,2.9,销售,否,2022-10-29,1.1
102900011032022,小皱皮(份),辣椒类,19:33:12.748,1.0,2.9,销售,否,2022-10-29,1.1
102900011032022,小皱皮(份),辣椒类,20:11:57.900,1.0,1.7,销售,是,2022-10-29,1.1
102900011032022,小皱皮(份),辣椒类,20:19:58.385,1.0,1.7,销售,是,2022-10-29,1.1
102900011032022,小皱皮(份),辣椒类,20:35:19.780,1.0,1.7,销售,是,2022-10-29,1.1
102900011032022,小皱皮(份),辣椒类,10:20:17.786,1.0,2.9,销售,否,2022-10-30,1.21
102900011032022,小皱皮(份),辣椒类,10:41:46.250,1.0,2.9,销售,否,2022-10-30,1.21
102900011032022,小皱皮(份),辣椒类,11:27:02.717,1.0,1.7,销售,是,2022-10-30,1.21
102900011032022,小皱皮(份),辣椒类,11:33:54.402,1.0,2.9,销售,否,2022-10-30,1.21
102900011032022,小皱皮(份),辣椒类,12:58:54.387,1.0,1.7,销售,是,2022-10-30,1.21
102900011032022,小皱皮(份),辣椒类,16:55:07.490,1.0,2.9,销售,否,2022-10-30,1.21
102900011032022,小皱皮(份),辣椒类,17:06:41.010,1.0,1.7,销售,是,2022-10-30,1.21
102900011032022,小皱皮(份),辣椒类,17:06:41.113,1.0,1.7,销售,是,2022-10-30,1.21
102900011032022,小皱皮(份),辣椒类,17:54:25.450,1.0,2.9,销售,否,2022-10-30,1.21
102900011032022,小皱皮(份),辣椒类,19:02:29.061,1.0,2.9,销售,否,2022-10-30,1.21
102900011032022,小皱皮(份),辣椒类,20:30:26.342,1.0,1.7,销售,是,2022-10-30,1.21
102900011032022,小皱皮(份),辣椒类,21:13:20.596,1.0,2.9,销售,否,2022-10-30,1.21
102900011032022,小皱皮(份),辣椒类,21:13:21.336,1.0,1.7,销售,是,2022-10-30,1.21
102900011032022,小皱皮(份),辣椒类,21:17:47.540,1.0,1.7,销售,是,2022-10-30,1.21
102900011032022,小皱皮(份),辣椒类,10:29:34.184,1.0,2.9,销售,否,2022-10-31,1.29
102900011032022,小皱皮(份),辣椒类,17:50:14.393,1.0,2.9,销售,否,2022-10-31,1.29
102900011032022,小皱皮(份),辣椒类,20:00:36.295,1.0,2.9,销售,否,2022-10-31,1.29
102900011032022,小皱皮(份),辣椒类,20:00:45.983,1.0,2.9,销售,否,2022-10-31,1.29
102900011032022,小皱皮(份),辣椒类,09:22:43.039,1.0,2.9,销售,否,2022-11-01,1.29
102900011032022,小皱皮(份),辣椒类,11:02:14.353,1.0,2.9,销售,否,2022-11-01,1.29
102900011032022,小皱皮(份),辣椒类,16:00:15.913,1.0,2.9,销售,否,2022-11-01,1.29
102900011032022,小皱皮(份),辣椒类,17:32:55.811,1.0,1.7,销售,是,2022-11-01,1.29
102900011032022,小皱皮(份),辣椒类,18:15:44.543,1.0,2.9,销售,否,2022-11-01,1.29
102900011032022,小皱皮(份),辣椒类,18:21:25.411,1.0,2.9,销售,否,2022-11-01,1.29
102900011032022,小皱皮(份),辣椒类,18:21:25.574,1.0,2.9,销售,否,2022-11-01,1.29
102900011032022,小皱皮(份),辣椒类,19:11:39.817,1.0,2.9,销售,否,2022-11-01,1.29
102900011032022,小皱皮(份),辣椒类,19:16:29.487,1.0,1.7,销售,是,2022-11-01,1.29
102900011032022,小皱皮(份),辣椒类,19:16:29.613,1.0,1.7,销售,是,2022-11-01,1.29
102900011032022,小皱皮(份),辣椒类,19:18:24.099,1.0,1.7,销售,是,2022-11-01,1.29
102900011032022,小皱皮(份),辣椒类,19:30:54.125,1.0,1.7,销售,是,2022-11-01,1.29
102900011032022,小皱皮(份),辣椒类,20:02:13.435,1.0,1.7,销售,是,2022-11-01,1.29
102900011032022,小皱皮(份),辣椒类,21:18:37.605,1.0,1.7,销售,是,2022-11-01,1.29
102900011032022,小皱皮(份),辣椒类,21:18:37.758,1.0,1.7,销售,是,2022-11-01,1.29
102900011032022,小皱皮(份),辣椒类,21:18:38.427,1.0,1.7,销售,是,2022-11-01,1.29
102900011032022,小皱皮(份),辣椒类,21:21:17.121,1.0,1.7,销售,是,2022-11-01,1.29
102900011032022,小皱皮(份),辣椒类,10:05:09.02,1.0,2.9,销售,否,2022-11-03,1.29
102900011032022,小皱皮(份),辣椒类,10:56:25.998,1.0,1.7,销售,是,2022-11-03,1.29
102900011032022,小皱皮(份),辣椒类,11:58:48.467,1.0,2.9,销售,否,2022-11-03,1.29
102900011032022,小皱皮(份),辣椒类,15:46:06.46,1.0,1.7,销售,是,2022-11-03,1.29
102900011032022,小皱皮(份),辣椒类,16:50:00.962,1.0,2.9,销售,否,2022-11-03,1.29
102900011032022,小皱皮(份),辣椒类,18:56:47.987,1.0,1.7,销售,是,2022-11-03,1.29
102900011032022,小皱皮(份),辣椒类,20:21:04.53,1.0,2.9,销售,否,2022-11-03,1.29
102900011032022,小皱皮(份),辣椒类,21:12:02.076,1.0,1.7,销售,是,2022-11-03,1.29
102900011032022,小皱皮(份),辣椒类,21:37:28.97,1.0,2.9,销售,否,2022-11-03,1.29
102900011032022,小皱皮(份),辣椒类,21:40:53.859,1.0,1.7,销售,是,2022-11-03,1.29
102900011032022,小皱皮(份),辣椒类,09:32:54.087,1.0,2.9,销售,否,2022-11-05,1.2
102900011032022,小皱皮(份),辣椒类,10:36:01.736,1.0,2.9,销售,否,2022-11-05,1.2
102900011032022,小皱皮(份),辣椒类,10:37:21.166,1.0,2.9,销售,否,2022-11-05,1.2
102900011032022,小皱皮(份),辣椒类,11:31:18.182,1.0,2.9,销售,否,2022-11-05,1.2
102900011032022,小皱皮(份),辣椒类,14:01:33.104,1.0,2.9,销售,否,2022-11-05,1.2
102900011032022,小皱皮(份),辣椒类,15:21:09.433,1.0,2.9,销售,否,2022-11-05,1.2
102900011032022,小皱皮(份),辣椒类,16:32:50.941,1.0,1.7,销售,是,2022-11-05,1.2
102900011032022,小皱皮(份),辣椒类,16:32:51.248,1.0,2.9,销售,否,2022-11-05,1.2
102900011032022,小皱皮(份),辣椒类,10:51:38.624,1.0,2.9,销售,否,2022-11-06,1.01
102900011032022,小皱皮(份),辣椒类,10:56:29.108,1.0,2.9,销售,否,2022-11-06,1.01
102900011032022,小皱皮(份),辣椒类,10:57:58.248,1.0,2.9,销售,否,2022-11-06,1.01
102900011032022,小皱皮(份),辣椒类,11:26:29.892,1.0,2.9,销售,否,2022-11-06,1.01
102900011032022,小皱皮(份),辣椒类,11:35:40.692,1.0,2.9,销售,否,2022-11-06,1.01
102900011032022,小皱皮(份),辣椒类,12:10:07.231,1.0,2.9,销售,否,2022-11-06,1.01
102900011032022,小皱皮(份),辣椒类,17:41:11.186,1.0,2.9,销售,否,2022-11-06,1.01
102900011032022,小皱皮(份),辣椒类,17:41:14.67,1.0,2.9,销售,否,2022-11-06,1.01
102900011032022,小皱皮(份),辣椒类,17:48:36.339,1.0,2.9,销售,否,2022-11-06,1.01
102900011032022,小皱皮(份),辣椒类,18:39:45.033,1.0,2.9,销售,否,2022-11-06,1.01
102900011032022,小皱皮(份),辣椒类,20:43:38.28,1.0,2.9,销售,否,2022-11-06,1.01
102900011032022,小皱皮(份),辣椒类,10:12:27.196,1.0,2.9,销售,否,2022-11-07,1.0
102900011032022,小皱皮(份),辣椒类,10:30:59.545,1.0,2.9,销售,否,2022-11-07,1.0
102900011032022,小皱皮(份),辣椒类,10:31:06.121,1.0,2.9,销售,否,2022-11-07,1.0
102900011032022,小皱皮(份),辣椒类,12:50:14.951,1.0,2.9,销售,否,2022-11-07,1.0
102900011032022,小皱皮(份),辣椒类,15:05:44.217,1.0,2.9,销售,否,2022-11-07,1.0
102900011032022,小皱皮(份),辣椒类,15:05:54.592,1.0,2.9,销售,否,2022-11-07,1.0
102900011032022,小皱皮(份),辣椒类,15:05:55.592,1.0,2.9,销售,否,2022-11-07,1.0
102900011032022,小皱皮(份),辣椒类,15:21:38.258,1.0,2.9,销售,否,2022-11-07,1.0
102900011032022,小皱皮(份),辣椒类,16:40:18.33,1.0,1.7,销售,是,2022-11-07,1.0
102900011032022,小皱皮(份),辣椒类,17:50:48.186,1.0,2.9,销售,否,2022-11-07,1.0
102900011032022,小皱皮(份),辣椒类,17:52:39.042,1.0,2.9,销售,否,2022-11-07,1.0
102900011032022,小皱皮(份),辣椒类,18:34:29.498,1.0,1.7,销售,是,2022-11-07,1.0
102900011032022,小皱皮(份),辣椒类,21:28:10.458,1.0,1.7,销售,是,2022-11-07,1.0
102900011032022,小皱皮(份),辣椒类,21:28:10.563,1.0,1.7,销售,是,2022-11-07,1.0
102900011032022,小皱皮(份),辣椒类,21:28:10.683,1.0,1.7,销售,是,2022-11-07,1.0
102900011032022,小皱皮(份),辣椒类,21:28:10.79,1.0,1.7,销售,是,2022-11-07,1.0
102900011032022,小皱皮(份),辣椒类,21:28:10.937,1.0,1.7,销售,是,2022-11-07,1.0
102900011032022,小皱皮(份),辣椒类,21:28:11.094,1.0,1.7,销售,是,2022-11-07,1.0
102900011032022,小皱皮(份),辣椒类,10:21:46.841,1.0,2.9,销售,否,2022-11-08,1.01
102900011032022,小皱皮(份),辣椒类,11:01:50.92,1.0,2.9,销售,否,2022-11-08,1.01
102900011032022,小皱皮(份),辣椒类,17:01:02.889,1.0,2.9,销售,否,2022-11-08,1.01
102900011032022,小皱皮(份),辣椒类,17:03:05.964,1.0,2.9,销售,否,2022-11-08,1.01
102900011032022,小皱皮(份),辣椒类,18:19:16.811,1.0,2.9,销售,否,2022-11-08,1.01
102900011032022,小皱皮(份),辣椒类,18:19:26.326,1.0,2.9,销售,否,2022-11-08,1.01
102900011032022,小皱皮(份),辣椒类,18:35:04.655,1.0,1.7,销售,是,2022-11-08,1.01
102900011032022,小皱皮(份),辣椒类,19:15:57.314,1.0,1.7,销售,是,2022-11-08,1.01
102900011032022,小皱皮(份),辣椒类,19:31:38.987,1.0,1.7,销售,是,2022-11-08,1.01
102900011032022,小皱皮(份),辣椒类,19:42:47.389,1.0,2.9,销售,否,2022-11-08,1.01
102900011032022,小皱皮(份),辣椒类,14:30:13.262,1.0,2.9,销售,否,2022-11-09,1.01
102900011032022,小皱皮(份),辣椒类,15:04:45.173,1.0,2.9,销售,否,2022-11-09,1.01
102900011032022,小皱皮(份),辣椒类,16:00:56.348,1.0,1.7,销售,是,2022-11-09,1.01
102900011032022,小皱皮(份),辣椒类,16:30:52.858,1.0,2.9,销售,否,2022-11-09,1.01
102900011032022,小皱皮(份),辣椒类,17:35:33.215,1.0,1.7,销售,是,2022-11-09,1.01
102900011032022,小皱皮(份),辣椒类,19:57:43.295,1.0,1.7,销售,是,2022-11-09,1.01
102900011032022,小皱皮(份),辣椒类,21:17:50.389,1.0,1.7,销售,是,2022-11-09,1.01
102900011032022,小皱皮(份),辣椒类,12:33:21.53,1.0,2.9,销售,否,2022-11-10,0.87
102900011032022,小皱皮(份),辣椒类,10:16:50.889,1.0,2.9,销售,否,2022-11-11,0.87
102900011032022,小皱皮(份),辣椒类,10:16:51.998,1.0,2.9,销售,否,2022-11-11,0.87
102900011032022,小皱皮(份),辣椒类,11:41:58.262,1.0,2.9,销售,否,2022-11-11,0.87
102900011032022,小皱皮(份),辣椒类,11:41:58.429,1.0,2.9,销售,否,2022-11-11,0.87
102900011032022,小皱皮(份),辣椒类,12:01:12.326,1.0,2.9,销售,否,2022-11-11,0.87
102900011032022,小皱皮(份),辣椒类,15:00:36.244,1.0,2.9,销售,否,2022-11-11,0.87
102900011032022,小皱皮(份),辣椒类,15:00:36.423,1.0,2.9,销售,否,2022-11-11,0.87
102900011032022,小皱皮(份),辣椒类,16:20:29.458,1.0,2.9,销售,否,2022-11-11,0.87
102900011032022,小皱皮(份),辣椒类,18:01:49.748,1.0,2.9,销售,否,2022-11-11,0.87
102900011032022,小皱皮(份),辣椒类,19:44:44.717,1.0,2.9,销售,否,2022-11-11,0.87
102900011032022,小皱皮(份),辣椒类,19:59:59.061,1.0,2.9,销售,否,2022-11-11,0.87
102900011032022,小皱皮(份),辣椒类,21:03:11.055,1.0,1.7,销售,是,2022-11-11,0.87
102900011032022,小皱皮(份),辣椒类,10:12:54.076,1.0,2.9,销售,否,2022-11-12,0.79
102900011032022,小皱皮(份),辣椒类,10:13:25.99,1.0,2.9,销售,否,2022-11-12,0.79
102900011032022,小皱皮(份),辣椒类,10:18:20.215,1.0,2.9,销售,否,2022-11-12,0.79
102900011032022,小皱皮(份),辣椒类,11:08:27.183,1.0,1.7,销售,是,2022-11-12,0.79
102900011032022,小皱皮(份),辣椒类,14:36:47.712,1.0,1.7,销售,是,2022-11-12,0.79
102900011032022,小皱皮(份),辣椒类,17:16:41.804,1.0,2.9,销售,否,2022-11-12,0.79
102900011032022,小皱皮(份),辣椒类,17:36:59.576,1.0,2.9,销售,否,2022-11-12,0.79
102900011032022,小皱皮(份),辣椒类,18:15:33.28,1.0,1.7,销售,是,2022-11-12,0.79
102900011032022,小皱皮(份),辣椒类,18:40:13.984,1.0,2.9,销售,否,2022-11-12,0.79
102900011032022,小皱皮(份),辣椒类,19:36:54.731,1.0,2.9,销售,否,2022-11-12,0.79
102900011032022,小皱皮(份),辣椒类,20:45:48.909,1.0,2.9,销售,否,2022-11-12,0.79
102900011032022,小皱皮(份),辣椒类,09:26:57.202,1.0,2.9,销售,否,2022-11-13,0.78
102900011032022,小皱皮(份),辣椒类,09:47:14.918,1.0,2.9,销售,否,2022-11-13,0.78
102900011032022,小皱皮(份),辣椒类,09:53:25.058,1.0,2.9,销售,否,2022-11-13,0.78
102900011032022,小皱皮(份),辣椒类,10:11:56.641,1.0,2.9,销售,否,2022-11-13,0.78
102900011032022,小皱皮(份),辣椒类,10:25:17.019,1.0,2.9,销售,否,2022-11-13,0.78
102900011032022,小皱皮(份),辣椒类,11:42:58.352,1.0,2.9,销售,否,2022-11-13,0.78
102900011032022,小皱皮(份),辣椒类,11:46:35.741,1.0,2.9,销售,否,2022-11-13,0.78
102900011032022,小皱皮(份),辣椒类,11:56:39.17,1.0,2.9,销售,否,2022-11-13,0.78
102900011032022,小皱皮(份),辣椒类,12:32:26.689,1.0,2.9,销售,否,2022-11-13,0.78
102900011032022,小皱皮(份),辣椒类,14:41:08.612,1.0,2.9,销售,否,2022-11-13,0.78
102900011032022,小皱皮(份),辣椒类,16:14:55.826,1.0,2.9,销售,否,2022-11-13,0.78
102900011032022,小皱皮(份),辣椒类,16:21:54.653,1.0,2.9,销售,否,2022-11-13,0.78
102900011032022,小皱皮(份),辣椒类,16:26:33.996,1.0,2.9,销售,否,2022-11-13,0.78
102900011032022,小皱皮(份),辣椒类,17:18:59.637,1.0,2.9,销售,否,2022-11-13,0.78
102900011032022,小皱皮(份),辣椒类,18:33:13.092,1.0,1.7,销售,是,2022-11-13,0.78
102900011032022,小皱皮(份),辣椒类,19:35:28.545,1.0,2.9,销售,否,2022-11-13,0.78
102900011032022,小皱皮(份),辣椒类,19:35:29.53,1.0,2.9,销售,否,2022-11-13,0.78
102900011032022,小皱皮(份),辣椒类,19:57:46.659,1.0,2.9,销售,否,2022-11-13,0.78
102900011032022,小皱皮(份),辣椒类,20:28:36.943,1.0,2.9,销售,否,2022-11-13,0.78
102900011032022,小皱皮(份),辣椒类,20:28:37.117,1.0,2.9,销售,否,2022-11-13,0.78
102900011032022,小皱皮(份),辣椒类,09:38:34.264,1.0,2.9,销售,否,2022-11-14,0.77
102900011032022,小皱皮(份),辣椒类,09:59:48.358,1.0,2.9,销售,否,2022-11-14,0.77
102900011032022,小皱皮(份),辣椒类,11:00:25.582,1.0,2.9,销售,否,2022-11-14,0.77
102900011032022,小皱皮(份),辣椒类,11:31:19.78,1.0,2.9,销售,否,2022-11-14,0.77
102900011032022,小皱皮(份),辣椒类,11:39:37.092,1.0,2.9,销售,否,2022-11-14,0.77
102900011032022,小皱皮(份),辣椒类,12:18:25.341,1.0,2.9,销售,否,2022-11-14,0.77
102900011032022,小皱皮(份),辣椒类,16:06:31.971,1.0,2.9,销售,否,2022-11-14,0.77
102900011032022,小皱皮(份),辣椒类,16:06:32.147,1.0,2.9,销售,否,2022-11-14,0.77
102900011032022,小皱皮(份),辣椒类,16:09:45.272,1.0,2.9,销售,否,2022-11-14,0.77
102900011032022,小皱皮(份),辣椒类,17:04:33.471,1.0,2.9,销售,否,2022-11-14,0.77
102900011032022,小皱皮(份),辣椒类,17:19:39.49,1.0,2.9,销售,否,2022-11-14,0.77
102900011032022,小皱皮(份),辣椒类,17:21:34.93,1.0,2.9,销售,否,2022-11-14,0.77
102900011032022,小皱皮(份),辣椒类,18:07:12.868,1.0,2.9,销售,否,2022-11-14,0.77
102900011032022,小皱皮(份),辣椒类,19:21:15.903,1.0,1.7,销售,是,2022-11-14,0.77
102900011032022,小皱皮(份),辣椒类,19:50:36.514,1.0,1.7,销售,是,2022-11-14,0.77
102900011032022,小皱皮(份),辣椒类,10:37:05.811,1.0,2.9,销售,否,2022-11-15,0.77
102900011032022,小皱皮(份),辣椒类,10:55:30.75,1.0,2.9,销售,否,2022-11-15,0.77
102900011032022,小皱皮(份),辣椒类,10:57:40.189,1.0,2.9,销售,否,2022-11-15,0.77
102900011032022,小皱皮(份),辣椒类,15:34:08.984,1.0,2.9,销售,否,2022-11-15,0.77
102900011032022,小皱皮(份),辣椒类,15:59:43.692,1.0,2.9,销售,否,2022-11-15,0.77
102900011032022,小皱皮(份),辣椒类,16:44:18.673,1.0,2.9,销售,否,2022-11-15,0.77
102900011032022,小皱皮(份),辣椒类,19:59:24.497,1.0,1.7,销售,是,2022-11-15,0.77
102900011032022,小皱皮(份),辣椒类,20:22:11.983,1.0,2.9,销售,否,2022-11-15,0.77
102900011032022,小皱皮(份),辣椒类,20:31:24.572,1.0,2.9,销售,否,2022-11-15,0.77
102900011032022,小皱皮(份),辣椒类,09:57:57.583,1.0,2.9,销售,否,2022-11-16,1.04
102900011032022,小皱皮(份),辣椒类,10:31:18.589,1.0,2.9,销售,否,2022-11-16,1.04
102900011032022,小皱皮(份),辣椒类,11:50:07.889,1.0,2.9,销售,否,2022-11-16,1.04
102900011032022,小皱皮(份),辣椒类,13:49:45.935,1.0,2.9,销售,否,2022-11-16,1.04
102900011032022,小皱皮(份),辣椒类,14:39:49.09,1.0,2.9,销售,否,2022-11-16,1.04
102900011032022,小皱皮(份),辣椒类,16:18:06.842,1.0,2.9,销售,否,2022-11-16,1.04
102900011032022,小皱皮(份),辣椒类,17:23:02.063,1.0,2.9,销售,否,2022-11-16,1.04
102900011032022,小皱皮(份),辣椒类,18:01:42.325,1.0,2.9,销售,否,2022-11-16,1.04
102900011032022,小皱皮(份),辣椒类,18:01:42.493,1.0,2.9,销售,否,2022-11-16,1.04
102900011032022,小皱皮(份),辣椒类,18:32:22.486,1.0,2.9,销售,否,2022-11-16,1.04
102900011032022,小皱皮(份),辣椒类,20:37:03.037,1.0,2.9,销售,否,2022-11-16,1.04
102900011032022,小皱皮(份),辣椒类,21:15:12.326,1.0,1.7,销售,是,2022-11-16,1.04
102900011032022,小皱皮(份),辣椒类,21:15:16.42,1.0,1.7,销售,是,2022-11-16,1.04
102900011032022,小皱皮(份),辣椒类,09:51:18.467,1.0,2.9,销售,否,2022-11-17,1.25
102900011032022,小皱皮(份),辣椒类,13:35:20.993,1.0,2.9,销售,否,2022-11-17,1.25
102900011032022,小皱皮(份),辣椒类,13:47:10.386,1.0,2.9,销售,否,2022-11-17,1.25
102900011032022,小皱皮(份),辣椒类,16:00:25.432,1.0,2.9,销售,否,2022-11-17,1.25
102900011032022,小皱皮(份),辣椒类,16:12:12.397,1.0,2.9,销售,否,2022-11-17,1.25
102900011032022,小皱皮(份),辣椒类,16:12:12.557,1.0,2.9,销售,否,2022-11-17,1.25
102900011032022,小皱皮(份),辣椒类,17:44:29.259,1.0,2.9,销售,否,2022-11-17,1.25
102900011032022,小皱皮(份),辣椒类,17:44:30.256,1.0,2.9,销售,否,2022-11-17,1.25
102900011032022,小皱皮(份),辣椒类,18:05:25.123,1.0,2.9,销售,否,2022-11-17,1.25
102900011032022,小皱皮(份),辣椒类,18:39:08.406,1.0,2.9,销售,否,2022-11-17,1.25
102900011032022,小皱皮(份),辣椒类,19:37:38.633,1.0,2.9,销售,否,2022-11-17,1.25
102900011032022,小皱皮(份),辣椒类,20:12:58.03,1.0,1.7,销售,是,2022-11-17,1.25
102900011032022,小皱皮(份),辣椒类,20:33:14.488,1.0,1.7,销售,是,2022-11-17,1.25
102900011032022,小皱皮(份),辣椒类,21:00:40.815,1.0,1.7,销售,是,2022-11-17,1.25
102900011032022,小皱皮(份),辣椒类,10:19:13.736,1.0,2.9,销售,否,2022-11-18,1.01
102900011032022,小皱皮(份),辣椒类,11:16:05.284,1.0,2.9,销售,否,2022-11-18,1.01
102900011032022,小皱皮(份),辣椒类,11:45:54.723,1.0,2.9,销售,否,2022-11-18,1.01
102900011032022,小皱皮(份),辣椒类,11:52:15.076,1.0,2.9,销售,否,2022-11-18,1.01
102900011032022,小皱皮(份),辣椒类,12:21:29.065,1.0,2.9,销售,否,2022-11-18,1.01
102900011032022,小皱皮(份),辣椒类,13:25:25.983,1.0,2.9,销售,否,2022-11-18,1.01
102900011032022,小皱皮(份),辣椒类,14:30:05.707,1.0,2.9,销售,否,2022-11-18,1.01
102900011032022,小皱皮(份),辣椒类,15:59:42.564,1.0,2.9,销售,否,2022-11-18,1.01
102900011032022,小皱皮(份),辣椒类,16:12:10.825,1.0,2.9,销售,否,2022-11-18,1.01
102900011032022,小皱皮(份),辣椒类,16:20:44.157,1.0,2.9,销售,否,2022-11-18,1.01
102900011032022,小皱皮(份),辣椒类,16:55:02.248,1.0,2.9,销售,否,2022-11-18,1.01
102900011032022,小皱皮(份),辣椒类,16:55:17.623,1.0,2.9,销售,否,2022-11-18,1.01
102900011032022,小皱皮(份),辣椒类,18:05:08.787,1.0,2.9,销售,否,2022-11-18,1.01
102900011032022,小皱皮(份),辣椒类,18:17:25.108,1.0,2.9,销售,否,2022-11-18,1.01
102900011032022,小皱皮(份),辣椒类,18:17:28.977,1.0,2.9,销售,否,2022-11-18,1.01
102900011032022,小皱皮(份),辣椒类,18:19:15.024,1.0,2.9,销售,否,2022-11-18,1.01
102900011032022,小皱皮(份),辣椒类,18:19:15.214,1.0,2.9,销售,否,2022-11-18,1.01
102900011032022,小皱皮(份),辣椒类,18:28:57.939,1.0,2.9,销售,否,2022-11-18,1.01
102900011032022,小皱皮(份),辣椒类,18:53:54.369,1.0,2.9,销售,否,2022-11-18,1.01
102900011032022,小皱皮(份),辣椒类,19:04:41.795,1.0,2.9,销售,否,2022-11-18,1.01
102900011032022,小皱皮(份),辣椒类,19:13:44.686,1.0,2.9,销售,否,2022-11-18,1.01
102900011032022,小皱皮(份),辣椒类,19:25:03.681,1.0,2.9,销售,否,2022-11-18,1.01
102900011032022,小皱皮(份),辣椒类,19:59:27.311,1.0,2.9,销售,否,2022-11-18,1.01
102900011032022,小皱皮(份),辣椒类,20:07:20.78,1.0,2.9,销售,否,2022-11-18,1.01
102900011032022,小皱皮(份),辣椒类,20:45:25.326,1.0,2.9,销售,否,2022-11-18,1.01
102900011032022,小皱皮(份),辣椒类,10:00:29.295,1.0,2.9,销售,否,2022-11-19,0.85
102900011032022,小皱皮(份),辣椒类,10:37:23.857,1.0,2.9,销售,否,2022-11-19,0.85
102900011032022,小皱皮(份),辣椒类,10:43:10.451,1.0,2.9,销售,否,2022-11-19,0.85
102900011032022,小皱皮(份),辣椒类,10:43:12.28,1.0,2.9,销售,否,2022-11-19,0.85
102900011032022,小皱皮(份),辣椒类,10:43:14.608,1.0,2.9,销售,否,2022-11-19,0.85
102900011032022,小皱皮(份),辣椒类,11:30:05.217,1.0,2.9,销售,否,2022-11-19,0.85
102900011032022,小皱皮(份),辣椒类,12:13:45.141,1.0,2.9,销售,否,2022-11-19,0.85
102900011032022,小皱皮(份),辣椒类,12:22:30.635,1.0,2.9,销售,否,2022-11-19,0.85
102900011032022,小皱皮(份),辣椒类,13:47:31.923,1.0,2.9,销售,否,2022-11-19,0.85
102900011032022,小皱皮(份),辣椒类,14:02:32.17,1.0,2.9,销售,否,2022-11-19,0.85
102900011032022,小皱皮(份),辣椒类,14:13:33.826,1.0,2.9,销售,否,2022-11-19,0.85
102900011032022,小皱皮(份),辣椒类,15:04:16.092,1.0,2.9,销售,否,2022-11-19,0.85
102900011032022,小皱皮(份),辣椒类,15:12:37.311,1.0,2.9,销售,否,2022-11-19,0.85
102900011032022,小皱皮(份),辣椒类,15:13:00.67,1.0,2.9,销售,否,2022-11-19,0.85
102900011032022,小皱皮(份),辣椒类,15:23:05.166,1.0,2.9,销售,否,2022-11-19,0.85
102900011032022,小皱皮(份),辣椒类,15:27:44.639,1.0,2.9,销售,否,2022-11-19,0.85
102900011032022,小皱皮(份),辣椒类,15:30:20.839,1.0,2.9,销售,否,2022-11-19,0.85
102900011032022,小皱皮(份),辣椒类,15:34:35.858,1.0,2.9,销售,否,2022-11-19,0.85
102900011032022,小皱皮(份),辣椒类,15:39:10.108,1.0,2.9,销售,否,2022-11-19,0.85
102900011032022,小皱皮(份),辣椒类,15:48:30.764,1.0,2.9,销售,否,2022-11-19,0.85
102900011032022,小皱皮(份),辣椒类,15:49:32.842,1.0,2.9,销售,否,2022-11-19,0.85
102900011032022,小皱皮(份),辣椒类,15:51:32.999,1.0,2.9,销售,否,2022-11-19,0.85
102900011032022,小皱皮(份),辣椒类,15:56:12.095,1.0,2.9,销售,否,2022-11-19,0.85
102900011032022,小皱皮(份),辣椒类,15:56:12.263,1.0,2.9,销售,否,2022-11-19,0.85
102900011032022,小皱皮(份),辣椒类,16:04:39.78,1.0,2.9,销售,否,2022-11-19,0.85
102900011032022,小皱皮(份),辣椒类,16:04:41.561,1.0,2.9,销售,否,2022-11-19,0.85
102900011032022,小皱皮(份),辣椒类,16:04:45.655,1.0,2.9,销售,否,2022-11-19,0.85
102900011032022,小皱皮(份),辣椒类,16:08:13.056,1.0,2.9,销售,否,2022-11-19,0.85
102900011032022,小皱皮(份),辣椒类,16:08:13.23,1.0,2.9,销售,否,2022-11-19,0.85
102900011032022,小皱皮(份),辣椒类,16:11:01.561,1.0,2.9,销售,否,2022-11-19,0.85
102900011032022,小皱皮(份),辣椒类,16:17:31.307,1.0,2.9,销售,否,2022-11-19,0.85
102900011032022,小皱皮(份),辣椒类,16:18:38.416,1.0,2.9,销售,否,2022-11-19,0.85
102900011032022,小皱皮(份),辣椒类,16:21:44.459,1.0,2.9,销售,否,2022-11-19,0.85
102900011032022,小皱皮(份),辣椒类,16:27:09.27,1.0,2.9,销售,否,2022-11-19,0.85
102900011032022,小皱皮(份),辣椒类,16:27:09.432,1.0,2.9,销售,否,2022-11-19,0.85
102900011032022,小皱皮(份),辣椒类,16:27:49.078,1.0,2.9,销售,否,2022-11-19,0.85
102900011032022,小皱皮(份),辣椒类,16:37:34.401,1.0,2.9,销售,否,2022-11-19,0.85
102900011032022,小皱皮(份),辣椒类,16:37:34.738,1.0,2.9,销售,否,2022-11-19,0.85
102900011032022,小皱皮(份),辣椒类,16:44:15.373,1.0,2.9,销售,否,2022-11-19,0.85
102900011032022,小皱皮(份),辣椒类,19:06:02.444,1.0,2.9,销售,否,2022-11-19,0.85
102900011032022,小皱皮(份),辣椒类,19:12:06.599,1.0,2.9,销售,否,2022-11-19,0.85
102900011032022,小皱皮(份),辣椒类,19:21:19.116,1.0,2.9,销售,否,2022-11-19,0.85
102900011032022,小皱皮(份),辣椒类,19:21:19.284,1.0,2.9,销售,否,2022-11-19,0.85
102900011032022,小皱皮(份),辣椒类,19:27:15.429,1.0,2.9,销售,否,2022-11-19,0.85
102900011032022,小皱皮(份),辣椒类,19:39:00.936,1.0,2.9,销售,否,2022-11-19,0.85
102900011032022,小皱皮(份),辣椒类,19:42:14.483,1.0,2.9,销售,否,2022-11-19,0.85
102900011032022,小皱皮(份),辣椒类,19:43:05.32,1.0,2.9,销售,否,2022-11-19,0.85
102900011032022,小皱皮(份),辣椒类,19:43:25.483,1.0,2.9,销售,否,2022-11-19,0.85
102900011032022,小皱皮(份),辣椒类,19:45:20.212,1.0,2.9,销售,否,2022-11-19,0.85
102900011032022,小皱皮(份),辣椒类,19:45:22.959,1.0,2.9,销售,否,2022-11-19,0.85
102900011032022,小皱皮(份),辣椒类,19:48:28.983,1.0,2.9,销售,否,2022-11-19,0.85
102900011032022,小皱皮(份),辣椒类,19:52:15.311,1.0,2.9,销售,否,2022-11-19,0.85
102900011032022,小皱皮(份),辣椒类,20:05:09.609,1.0,2.9,销售,否,2022-11-19,0.85
102900011032022,小皱皮(份),辣椒类,20:05:25.827,1.0,2.9,销售,否,2022-11-19,0.85
102900011032022,小皱皮(份),辣椒类,20:24:42.758,1.0,2.9,销售,否,2022-11-19,0.85
102900011032022,小皱皮(份),辣椒类,20:24:42.934,1.0,2.9,销售,否,2022-11-19,0.85
102900011032022,小皱皮(份),辣椒类,10:12:36.488,1.0,2.9,销售,否,2022-11-20,0.76
102900011032022,小皱皮(份),辣椒类,11:05:08.829,1.0,2.9,销售,否,2022-11-20,0.76
102900011032022,小皱皮(份),辣椒类,11:05:08.981,1.0,2.9,销售,否,2022-11-20,0.76
102900011032022,小皱皮(份),辣椒类,11:30:38.354,1.0,2.9,销售,否,2022-11-20,0.76
102900011032022,小皱皮(份),辣椒类,16:12:47.419,1.0,2.9,销售,否,2022-11-20,0.76
102900011032022,小皱皮(份),辣椒类,09:43:31.187,1.0,2.9,销售,否,2022-11-21,0.69
102900011032022,小皱皮(份),辣椒类,09:47:39.836,1.0,2.9,销售,否,2022-11-21,0.69
102900011032022,小皱皮(份),辣椒类,09:57:17.17,1.0,2.9,销售,否,2022-11-21,0.69
102900011032022,小皱皮(份),辣椒类,09:57:26.233,1.0,2.9,销售,否,2022-11-21,0.69
102900011032022,小皱皮(份),辣椒类,10:20:31.862,1.0,2.9,销售,否,2022-11-21,0.69
102900011032022,小皱皮(份),辣椒类,10:20:32.034,1.0,2.9,销售,否,2022-11-21,0.69
102900011032022,小皱皮(份),辣椒类,10:20:32.211,1.0,2.9,销售,否,2022-11-21,0.69
102900011032022,小皱皮(份),辣椒类,10:20:57.03,1.0,2.9,销售,否,2022-11-21,0.69
102900011032022,小皱皮(份),辣椒类,10:21:39.639,1.0,2.9,销售,否,2022-11-21,0.69
102900011032022,小皱皮(份),辣椒类,10:24:18.061,1.0,2.9,销售,否,2022-11-21,0.69
102900011032022,小皱皮(份),辣椒类,10:59:09.906,1.0,2.9,销售,否,2022-11-21,0.69
102900011032022,小皱皮(份),辣椒类,10:59:10.074,1.0,2.9,销售,否,2022-11-21,0.69
102900011032022,小皱皮(份),辣椒类,11:53:16.295,1.0,2.9,销售,否,2022-11-21,0.69
102900011032022,小皱皮(份),辣椒类,10:17:10.686,1.0,2.9,销售,否,2022-11-22,0.68
102900011032022,小皱皮(份),辣椒类,10:17:12.608,1.0,2.9,销售,否,2022-11-22,0.68
102900011032022,小皱皮(份),辣椒类,11:15:54.256,1.0,2.9,销售,否,2022-11-22,0.68
102900011032022,小皱皮(份),辣椒类,11:44:45.103,1.0,2.9,销售,否,2022-11-22,0.68
102900011032022,小皱皮(份),辣椒类,11:55:53.819,1.0,2.9,销售,否,2022-11-22,0.68
102900011032022,小皱皮(份),辣椒类,12:06:51.187,1.0,2.9,销售,否,2022-11-22,0.68
102900011032022,小皱皮(份),辣椒类,12:07:14.708,1.0,2.9,销售,否,2022-11-22,0.68
102900011032022,小皱皮(份),辣椒类,14:52:03.955,1.0,2.9,销售,否,2022-11-22,0.68
102900011032022,小皱皮(份),辣椒类,14:52:04.115,1.0,2.9,销售,否,2022-11-22,0.68
102900011032022,小皱皮(份),辣椒类,15:13:00.579,1.0,2.9,销售,否,2022-11-22,0.68
102900011032022,小皱皮(份),辣椒类,17:22:59.99,1.0,2.9,销售,否,2022-11-22,0.68
102900011032022,小皱皮(份),辣椒类,17:38:24.394,1.0,2.9,销售,否,2022-11-22,0.68
102900011032022,小皱皮(份),辣椒类,18:12:25.045,1.0,2.9,销售,否,2022-11-22,0.68
102900011032022,小皱皮(份),辣椒类,20:20:20.018,1.0,2.9,销售,否,2022-11-22,0.68
102900011032022,小皱皮(份),辣椒类,09:48:21.386,1.0,2.9,销售,否,2022-11-23,0.74
102900011032022,小皱皮(份),辣椒类,10:25:18.772,1.0,2.9,销售,否,2022-11-23,0.74
102900011032022,小皱皮(份),辣椒类,10:25:19.149,1.0,2.9,销售,否,2022-11-23,0.74
102900011032022,小皱皮(份),辣椒类,10:25:19.334,1.0,2.9,销售,否,2022-11-23,0.74
102900011032022,小皱皮(份),辣椒类,10:35:26.322,1.0,2.9,销售,否,2022-11-23,0.74
102900011032022,小皱皮(份),辣椒类,10:37:17.88,1.0,2.9,销售,否,2022-11-23,0.74
102900011032022,小皱皮(份),辣椒类,10:37:18.057,1.0,2.9,销售,否,2022-11-23,0.74
102900011032022,小皱皮(份),辣椒类,12:39:13.044,1.0,2.9,销售,否,2022-11-23,0.74
102900011032022,小皱皮(份),辣椒类,13:03:05.503,1.0,2.9,销售,否,2022-11-23,0.74
102900011032022,小皱皮(份),辣椒类,13:20:17.118,1.0,2.9,销售,否,2022-11-23,0.74
102900011032022,小皱皮(份),辣椒类,13:20:17.292,1.0,2.9,销售,否,2022-11-23,0.74
102900011032022,小皱皮(份),辣椒类,16:02:03.116,1.0,2.9,销售,否,2022-11-23,0.74
102900011032022,小皱皮(份),辣椒类,11:56:03.307,1.0,2.9,销售,否,2022-11-24,0.57
102900011032022,小皱皮(份),辣椒类,12:26:45.448,1.0,2.9,销售,否,2022-11-24,0.57
102900011032022,小皱皮(份),辣椒类,16:45:13.677,1.0,2.9,销售,否,2022-11-24,0.57
102900011032022,小皱皮(份),辣椒类,16:45:13.833,1.0,2.9,销售,否,2022-11-24,0.57
102900011032022,小皱皮(份),辣椒类,18:10:13.852,1.0,2.9,销售,否,2022-11-24,0.57
102900011032022,小皱皮(份),辣椒类,18:10:14.104,1.0,2.9,销售,否,2022-11-24,0.57
102900011032022,小皱皮(份),辣椒类,18:18:18.986,1.0,2.9,销售,否,2022-11-24,0.57
102900011032022,小皱皮(份),辣椒类,19:26:51.359,1.0,2.9,销售,否,2022-11-24,0.57
102900011032022,小皱皮(份),辣椒类,11:05:53.525,1.0,2.9,销售,否,2022-11-25,0.73
102900011032022,小皱皮(份),辣椒类,12:58:51.889,1.0,2.9,销售,否,2022-11-25,0.73
102900011032022,小皱皮(份),辣椒类,13:21:31.74,1.0,2.9,销售,否,2022-11-25,0.73
102900011032022,小皱皮(份),辣椒类,13:21:31.905,1.0,2.9,销售,否,2022-11-25,0.73
102900011032022,小皱皮(份),辣椒类,14:47:10.088,1.0,2.9,销售,否,2022-11-25,0.73
102900011032022,小皱皮(份),辣椒类,16:02:57.246,1.0,2.9,销售,否,2022-11-25,0.73
102900011032022,小皱皮(份),辣椒类,18:19:37.581,1.0,2.9,销售,否,2022-11-25,0.73
102900011032022,小皱皮(份),辣椒类,20:08:18.613,1.0,2.9,销售,否,2022-11-26,0.85
102900011032022,小皱皮(份),辣椒类,13:10:02.905,1.0,2.9,销售,否,2022-11-27,0.6
102900011032022,小皱皮(份),辣椒类,13:17:58.355,1.0,2.9,销售,否,2022-12-04,0.77
102900011032022,小皱皮(份),辣椒类,13:17:58.543,1.0,2.9,销售,否,2022-12-04,0.77
102900011032022,小皱皮(份),辣椒类,15:24:08.03,1.0,2.9,销售,否,2022-12-04,0.77
102900011032022,小皱皮(份),辣椒类,15:24:10.405,1.0,2.9,销售,否,2022-12-04,0.77
102900011032022,小皱皮(份),辣椒类,16:12:17.018,1.0,2.9,销售,否,2022-12-04,0.77
102900011032022,小皱皮(份),辣椒类,16:41:41.089,1.0,1.7,销售,是,2022-12-04,0.77
102900011032022,小皱皮(份),辣椒类,17:01:34.65,1.0,2.9,销售,否,2022-12-04,0.77
102900011032022,小皱皮(份),辣椒类,17:01:34.916,1.0,2.9,销售,否,2022-12-04,0.77
102900011032022,小皱皮(份),辣椒类,09:41:27.251,1.0,1.7,销售,是,2022-12-05,0.71
102900011032022,小皱皮(份),辣椒类,09:55:17.734,1.0,2.9,销售,否,2022-12-05,0.71
102900011032022,小皱皮(份),辣椒类,10:21:30.335,1.0,2.9,销售,否,2022-12-05,0.71
102900011032022,小皱皮(份),辣椒类,10:28:16.875,1.0,2.9,销售,否,2022-12-05,0.71
102900011032022,小皱皮(份),辣椒类,10:52:33.126,1.0,2.9,销售,否,2022-12-05,0.71
102900011032022,小皱皮(份),辣椒类,11:20:32.576,1.0,2.9,销售,否,2022-12-05,0.71
102900011032022,小皱皮(份),辣椒类,11:20:32.926,1.0,2.9,销售,否,2022-12-05,0.71
102900011032022,小皱皮(份),辣椒类,11:41:29.996,1.0,1.7,销售,是,2022-12-05,0.71
102900011032022,小皱皮(份),辣椒类,11:42:16.326,1.0,1.7,销售,是,2022-12-05,0.71
102900011032022,小皱皮(份),辣椒类,12:42:03.228,1.0,1.7,销售,是,2022-12-05,0.71
102900011032022,小皱皮(份),辣椒类,14:47:44.505,1.0,2.9,销售,否,2022-12-05,0.71
102900011032022,小皱皮(份),辣椒类,13:05:10.78,1.0,1.7,销售,是,2022-12-06,0.6
102900011032022,小皱皮(份),辣椒类,19:23:54.186,1.0,1.7,销售,是,2022-12-06,0.6
102900011032022,小皱皮(份),辣椒类,20:24:58.173,1.0,2.9,销售,否,2022-12-06,0.6
102900011032022,小皱皮(份),辣椒类,09:33:43.92,1.0,2.9,销售,否,2022-12-07,0.62
102900011032022,小皱皮(份),辣椒类,11:34:50.201,1.0,2.9,销售,否,2022-12-07,0.62
102900011032022,小皱皮(份),辣椒类,12:51:55.035,1.0,2.9,销售,否,2022-12-07,0.62
102900011032022,小皱皮(份),辣椒类,12:51:55.752,1.0,2.9,销售,否,2022-12-07,0.62
102900011032022,小皱皮(份),辣椒类,13:27:12.03,1.0,2.9,销售,否,2022-12-07,0.62
102900011032022,小皱皮(份),辣椒类,13:44:15.871,1.0,2.9,销售,否,2022-12-07,0.62
102900011032022,小皱皮(份),辣椒类,13:44:16.094,1.0,2.9,销售,否,2022-12-07,0.62
102900011032022,小皱皮(份),辣椒类,15:29:25.819,1.0,2.9,销售,否,2022-12-07,0.62
102900011032022,小皱皮(份),辣椒类,16:27:04.78,1.0,2.9,销售,否,2022-12-07,0.62
102900011032022,小皱皮(份),辣椒类,16:27:04.946,1.0,2.9,销售,否,2022-12-07,0.62
102900011032022,小皱皮(份),辣椒类,16:43:13.967,1.0,2.9,销售,否,2022-12-07,0.62
102900011032022,小皱皮(份),辣椒类,17:08:51.948,1.0,2.9,销售,否,2022-12-07,0.62
102900011032022,小皱皮(份),辣椒类,17:22:43.047,1.0,2.9,销售,否,2022-12-07,0.62
102900011032022,小皱皮(份),辣椒类,18:22:20.687,1.0,2.9,销售,否,2022-12-07,0.62
102900011032022,小皱皮(份),辣椒类,18:57:02.24,1.0,2.9,销售,否,2022-12-07,0.62
102900011032022,小皱皮(份),辣椒类,19:26:52.691,1.0,2.9,销售,否,2022-12-07,0.62
102900011032022,小皱皮(份),辣椒类,10:33:40.975,1.0,2.9,销售,否,2022-12-08,0.62
102900011032022,小皱皮(份),辣椒类,11:01:10.858,1.0,2.9,销售,否,2022-12-08,0.62
102900011032022,小皱皮(份),辣椒类,13:28:16.545,1.0,2.9,销售,否,2022-12-08,0.62
102900011032022,小皱皮(份),辣椒类,18:32:04.001,1.0,2.9,销售,否,2022-12-08,0.62
102900011032022,小皱皮(份),辣椒类,18:40:01.223,1.0,2.9,销售,否,2022-12-08,0.62
102900011032022,小皱皮(份),辣椒类,19:33:31.367,1.0,2.9,销售,否,2022-12-08,0.62
102900011032022,小皱皮(份),辣椒类,20:02:49.67,1.0,2.9,销售,否,2022-12-08,0.62
102900011032022,小皱皮(份),辣椒类,20:03:26.061,1.0,2.9,销售,否,2022-12-08,0.62
102900011032022,小皱皮(份),辣椒类,21:17:59.045,1.0,2.9,销售,否,2022-12-08,0.62
102900011032022,小皱皮(份),辣椒类,11:19:13.601,1.0,2.9,销售,否,2022-12-09,0.61
102900011032022,小皱皮(份),辣椒类,12:38:14.284,1.0,2.9,销售,否,2022-12-09,0.61
102900011032022,小皱皮(份),辣椒类,15:22:22.108,1.0,2.9,销售,否,2022-12-09,0.61
102900011032022,小皱皮(份),辣椒类,15:59:49.502,1.0,2.9,销售,否,2022-12-09,0.61
102900011032022,小皱皮(份),辣椒类,17:57:54.73,1.0,2.9,销售,否,2022-12-09,0.61
102900011032022,小皱皮(份),辣椒类,17:59:27.233,1.0,2.9,销售,否,2022-12-09,0.61
102900011032022,小皱皮(份),辣椒类,18:37:07.168,1.0,2.9,销售,否,2022-12-09,0.61
102900011032022,小皱皮(份),辣椒类,19:16:04.351,1.0,2.9,销售,否,2022-12-09,0.61
102900011032022,小皱皮(份),辣椒类,19:16:04.513,1.0,2.9,销售,否,2022-12-09,0.61
102900011032022,小皱皮(份),辣椒类,10:30:11.451,1.0,2.9,销售,否,2022-12-10,0.59
102900011032022,小皱皮(份),辣椒类,10:38:41.587,1.0,2.9,销售,否,2022-12-10,0.59
102900011032022,小皱皮(份),辣椒类,10:42:35.143,1.0,2.9,销售,否,2022-12-10,0.59
102900011032022,小皱皮(份),辣椒类,11:05:29.815,1.0,2.9,销售,否,2022-12-10,0.59
102900011032022,小皱皮(份),辣椒类,11:58:33.688,1.0,2.9,销售,否,2022-12-10,0.59
102900011032022,小皱皮(份),辣椒类,12:41:07.811,1.0,2.9,销售,否,2022-12-10,0.59
102900011032022,小皱皮(份),辣椒类,12:41:10.155,1.0,2.9,销售,否,2022-12-10,0.59
102900011032022,小皱皮(份),辣椒类,12:49:17.342,1.0,2.9,销售,否,2022-12-10,0.59
102900011032022,小皱皮(份),辣椒类,12:49:19.014,1.0,2.9,销售,否,2022-12-10,0.59
102900011032022,小皱皮(份),辣椒类,14:37:15.576,1.0,2.9,销售,否,2022-12-10,0.59
102900011032022,小皱皮(份),辣椒类,15:34:59.514,1.0,2.9,销售,否,2022-12-10,0.59
102900011032022,小皱皮(份),辣椒类,16:08:00.045,1.0,2.9,销售,否,2022-12-10,0.59
102900011032022,小皱皮(份),辣椒类,17:04:31.592,1.0,2.9,销售,否,2022-12-10,0.59
102900011032022,小皱皮(份),辣椒类,17:12:13.967,1.0,2.9,销售,否,2022-12-10,0.59
102900011032022,小皱皮(份),辣椒类,19:10:52.57,1.0,1.7,销售,是,2022-12-10,0.59
102900011032022,小皱皮(份),辣椒类,19:10:52.862,1.0,1.7,销售,是,2022-12-10,0.59
102900011032022,小皱皮(份),辣椒类,19:21:48.123,1.0,2.9,销售,否,2022-12-10,0.59
102900011032022,小皱皮(份),辣椒类,19:23:22.997,1.0,2.9,销售,否,2022-12-10,0.59
102900011032022,小皱皮(份),辣椒类,19:43:01.708,1.0,2.9,销售,否,2022-12-10,0.59
102900011032022,小皱皮(份),辣椒类,20:27:25.317,1.0,1.7,销售,是,2022-12-10,0.59
102900011032022,小皱皮(份),辣椒类,20:27:33.576,1.0,2.9,销售,否,2022-12-10,0.59
102900011032022,小皱皮(份),辣椒类,20:50:46.254,1.0,1.7,销售,是,2022-12-10,0.59
102900011032022,小皱皮(份),辣椒类,21:40:13.5,1.0,1.7,销售,是,2022-12-10,0.59
102900011032022,小皱皮(份),辣椒类,09:50:50.865,1.0,2.9,销售,否,2022-12-11,0.61
102900011032022,小皱皮(份),辣椒类,10:28:16.193,1.0,2.9,销售,否,2022-12-11,0.61
102900011032022,小皱皮(份),辣椒类,11:05:28.983,1.0,2.9,销售,否,2022-12-11,0.61
102900011032022,小皱皮(份),辣椒类,11:05:31.17,1.0,2.9,销售,否,2022-12-11,0.61
102900011032022,小皱皮(份),辣椒类,11:19:39.11,1.0,2.9,销售,否,2022-12-11,0.61
102900011032022,小皱皮(份),辣椒类,13:26:50.641,1.0,2.9,销售,否,2022-12-11,0.61
102900011032022,小皱皮(份),辣椒类,15:25:48.971,1.0,2.9,销售,否,2022-12-11,0.61
102900011032022,小皱皮(份),辣椒类,16:01:56.842,1.0,2.9,销售,否,2022-12-11,0.61
102900011032022,小皱皮(份),辣椒类,16:21:37.257,1.0,2.9,销售,否,2022-12-11,0.61
102900011032022,小皱皮(份),辣椒类,16:30:40.71,1.0,2.9,销售,否,2022-12-11,0.61
102900011032022,小皱皮(份),辣椒类,16:42:04.889,1.0,2.9,销售,否,2022-12-11,0.61
102900011032022,小皱皮(份),辣椒类,17:49:45.448,1.0,2.9,销售,否,2022-12-11,0.61
102900011032022,小皱皮(份),辣椒类,17:53:02.477,1.0,2.9,销售,否,2022-12-11,0.61
102900011032022,小皱皮(份),辣椒类,17:59:53.518,1.0,2.9,销售,否,2022-12-11,0.61
102900011032022,小皱皮(份),辣椒类,18:16:10.347,1.0,2.9,销售,否,2022-12-11,0.61
102900011032022,小皱皮(份),辣椒类,18:16:10.55,1.0,2.9,销售,否,2022-12-11,0.61
102900011032022,小皱皮(份),辣椒类,18:16:10.839,1.0,2.9,销售,否,2022-12-11,0.61
102900011032022,小皱皮(份),辣椒类,18:46:20.819,1.0,2.9,销售,否,2022-12-11,0.61
102900011032022,小皱皮(份),辣椒类,19:03:01.013,1.0,2.9,销售,否,2022-12-11,0.61
102900011032022,小皱皮(份),辣椒类,19:37:13.084,1.0,2.9,销售,否,2022-12-11,0.61
102900011032022,小皱皮(份),辣椒类,19:37:14.01,1.0,2.9,销售,否,2022-12-11,0.61
102900011032022,小皱皮(份),辣椒类,19:37:14.4,1.0,2.9,销售,否,2022-12-11,0.61
102900011032022,小皱皮(份),辣椒类,21:13:24.858,1.0,1.7,销售,是,2022-12-11,0.61
102900011032022,小皱皮(份),辣椒类,09:51:05.483,1.0,2.9,销售,否,2022-12-12,0.71
102900011032022,小皱皮(份),辣椒类,10:00:01.592,1.0,2.9,销售,否,2022-12-12,0.71
102900011032022,小皱皮(份),辣椒类,10:04:24.935,1.0,1.7,销售,是,2022-12-12,0.71
102900011032022,小皱皮(份),辣椒类,10:34:18.428,1.0,2.9,销售,否,2022-12-12,0.71
102900011032022,小皱皮(份),辣椒类,12:46:14.785,1.0,2.9,销售,否,2022-12-12,0.71
102900011032022,小皱皮(份),辣椒类,13:43:00.858,1.0,2.9,销售,否,2022-12-12,0.71
102900011032022,小皱皮(份),辣椒类,16:21:20.36,1.0,2.9,销售,否,2022-12-12,0.71
102900011032022,小皱皮(份),辣椒类,16:21:22.301,1.0,2.9,销售,否,2022-12-12,0.71
102900011032022,小皱皮(份),辣椒类,16:28:37.399,1.0,2.9,销售,否,2022-12-12,0.71
102900011032022,小皱皮(份),辣椒类,16:37:28.227,1.0,2.9,销售,否,2022-12-12,0.71
102900011032022,小皱皮(份),辣椒类,17:22:42.516,1.0,2.9,销售,否,2022-12-12,0.71
102900011032022,小皱皮(份),辣椒类,17:26:32.358,1.0,2.9,销售,否,2022-12-12,0.71
102900011032022,小皱皮(份),辣椒类,18:06:07.397,1.0,2.9,销售,否,2022-12-12,0.71
102900011032022,小皱皮(份),辣椒类,18:24:44.184,1.0,1.7,销售,是,2022-12-12,0.71
102900011032022,小皱皮(份),辣椒类,18:33:55.17,1.0,2.9,销售,否,2022-12-12,0.71
102900011032022,小皱皮(份),辣椒类,19:49:37.467,1.0,2.9,销售,否,2022-12-12,0.71
102900011032022,小皱皮(份),辣椒类,20:05:51.699,1.0,1.7,销售,是,2022-12-12,0.71
102900011032022,小皱皮(份),辣椒类,09:34:59.608,1.0,2.9,销售,否,2022-12-13,0.71
102900011032022,小皱皮(份),辣椒类,10:45:00.225,1.0,2.9,销售,否,2022-12-13,0.71
102900011032022,小皱皮(份),辣椒类,14:59:58.742,1.0,1.7,销售,是,2022-12-13,0.71
102900011032022,小皱皮(份),辣椒类,15:44:41.476,1.0,2.9,销售,否,2022-12-13,0.71
102900011032022,小皱皮(份),辣椒类,16:24:58.851,1.0,2.9,销售,否,2022-12-13,0.71
102900011032022,小皱皮(份),辣椒类,18:36:28.748,1.0,2.9,销售,否,2022-12-13,0.71
102900011032022,小皱皮(份),辣椒类,18:41:10.795,1.0,2.9,销售,否,2022-12-13,0.71
102900011032022,小皱皮(份),辣椒类,18:41:37.891,1.0,2.9,销售,否,2022-12-13,0.71
102900011032022,小皱皮(份),辣椒类,18:49:34.248,1.0,2.9,销售,否,2022-12-13,0.71
102900011032022,小皱皮(份),辣椒类,18:49:56.701,1.0,2.9,销售,否,2022-12-13,0.71
102900011032022,小皱皮(份),辣椒类,20:11:57.879,1.0,1.7,销售,是,2022-12-13,0.71
102900011032022,小皱皮(份),辣椒类,20:17:02.826,1.0,1.7,销售,是,2022-12-13,0.71
102900011032022,小皱皮(份),辣椒类,09:51:30.655,1.0,2.9,销售,否,2022-12-14,0.71
102900011032022,小皱皮(份),辣椒类,10:30:26.807,1.0,2.9,销售,否,2022-12-14,0.71
102900011032022,小皱皮(份),辣椒类,13:37:13.828,1.0,2.9,销售,否,2022-12-14,0.71
102900011032022,小皱皮(份),辣椒类,15:56:22.862,1.0,2.9,销售,否,2022-12-14,0.71
102900011032022,小皱皮(份),辣椒类,16:20:59.467,1.0,2.9,销售,否,2022-12-14,0.71
102900011032022,小皱皮(份),辣椒类,16:34:26.939,1.0,2.9,销售,否,2022-12-14,0.71
102900011032022,小皱皮(份),辣椒类,17:09:23.092,1.0,2.9,销售,否,2022-12-14,0.71
102900011032022,小皱皮(份),辣椒类,17:35:21.005,1.0,2.9,销售,否,2022-12-14,0.71
102900011032022,小皱皮(份),辣椒类,17:35:21.291,1.0,2.9,销售,否,2022-12-14,0.71
102900011032022,小皱皮(份),辣椒类,18:03:42.068,1.0,2.9,销售,否,2022-12-14,0.71
102900011032022,小皱皮(份),辣椒类,18:57:51.371,1.0,2.9,销售,否,2022-12-14,0.71
102900011032022,小皱皮(份),辣椒类,18:57:51.535,1.0,2.9,销售,否,2022-12-14,0.71
102900011032022,小皱皮(份),辣椒类,09:52:16.265,1.0,2.9,销售,否,2022-12-15,0.53
102900011032022,小皱皮(份),辣椒类,09:59:08.18,1.0,2.9,销售,否,2022-12-15,0.53
102900011032022,小皱皮(份),辣椒类,10:28:24.998,1.0,2.9,销售,否,2022-12-15,0.53
102900011032022,小皱皮(份),辣椒类,10:32:42.233,1.0,2.9,销售,否,2022-12-15,0.53
102900011032022,小皱皮(份),辣椒类,10:32:42.416,1.0,2.9,销售,否,2022-12-15,0.53
102900011032022,小皱皮(份),辣椒类,11:56:41.983,1.0,2.9,销售,否,2022-12-15,0.53
102900011032022,小皱皮(份),辣椒类,12:13:03.438,1.0,2.9,销售,否,2022-12-15,0.53
102900011032022,小皱皮(份),辣椒类,12:13:03.789,1.0,2.9,销售,否,2022-12-15,0.53
102900011032022,小皱皮(份),辣椒类,12:13:04.144,1.0,2.9,销售,否,2022-12-15,0.53
102900011032022,小皱皮(份),辣椒类,14:22:29.897,1.0,2.9,销售,否,2022-12-15,0.53
102900011032022,小皱皮(份),辣椒类,14:53:26.264,1.0,2.9,销售,否,2022-12-15,0.53
102900011032022,小皱皮(份),辣椒类,14:53:42.311,1.0,2.9,销售,否,2022-12-15,0.53
102900011032022,小皱皮(份),辣椒类,16:20:33.858,1.0,2.9,销售,否,2022-12-15,0.53
102900011032022,小皱皮(份),辣椒类,17:12:02.787,1.0,2.9,销售,否,2022-12-15,0.53
102900011032022,小皱皮(份),辣椒类,17:56:48.218,1.0,2.9,销售,否,2022-12-15,0.53
102900011032022,小皱皮(份),辣椒类,17:56:48.966,1.0,2.9,销售,否,2022-12-15,0.53
102900011032022,小皱皮(份),辣椒类,17:56:50.233,1.0,2.9,销售,否,2022-12-15,0.53
102900011032022,小皱皮(份),辣椒类,17:56:50.41,1.0,2.9,销售,否,2022-12-15,0.53
102900011032022,小皱皮(份),辣椒类,17:56:50.584,1.0,2.9,销售,否,2022-12-15,0.53
102900011032022,小皱皮(份),辣椒类,18:02:13.74,1.0,2.9,销售,否,2022-12-15,0.53
102900011032022,小皱皮(份),辣椒类,18:24:16,1.0,2.9,销售,否,2022-12-15,0.53
102900011032022,小皱皮(份),辣椒类,18:24:16.155,1.0,2.9,销售,否,2022-12-15,0.53
102900011032022,小皱皮(份),辣椒类,18:48:44.141,1.0,2.9,销售,否,2022-12-15,0.53
102900011032022,小皱皮(份),辣椒类,18:55:19.543,1.0,2.9,销售,否,2022-12-15,0.53
102900011032022,小皱皮(份),辣椒类,19:10:11.342,1.0,2.9,销售,否,2022-12-15,0.53
102900011032022,小皱皮(份),辣椒类,19:39:57.905,1.0,1.7,销售,是,2022-12-15,0.53
102900011032022,小皱皮(份),辣椒类,19:40:12.248,1.0,1.7,销售,是,2022-12-15,0.53
102900011032022,小皱皮(份),辣椒类,19:40:14.03,1.0,1.7,销售,是,2022-12-15,0.53
102900011032022,小皱皮(份),辣椒类,19:40:15.873,1.0,1.7,销售,是,2022-12-15,0.53
102900011032022,小皱皮(份),辣椒类,10:48:19.669,1.0,2.9,销售,否,2022-12-16,0.53
102900011032022,小皱皮(份),辣椒类,11:06:35.561,1.0,2.9,销售,否,2022-12-16,0.53
102900011032022,小皱皮(份),辣椒类,11:22:31.278,1.0,2.9,销售,否,2022-12-16,0.53
102900011032022,小皱皮(份),辣椒类,11:30:00.547,1.0,2.9,销售,否,2022-12-16,0.53
102900011032022,小皱皮(份),辣椒类,11:43:30.998,1.0,2.9,销售,否,2022-12-16,0.53
102900011032022,小皱皮(份),辣椒类,11:44:51.92,1.0,2.9,销售,否,2022-12-16,0.53
102900011032022,小皱皮(份),辣椒类,11:44:52.936,1.0,2.9,销售,否,2022-12-16,0.53
102900011032022,小皱皮(份),辣椒类,11:54:17.826,1.0,2.9,销售,否,2022-12-16,0.53
102900011032022,小皱皮(份),辣椒类,11:57:39.067,1.0,2.9,销售,否,2022-12-16,0.53
102900011032022,小皱皮(份),辣椒类,12:39:07.822,1.0,2.9,销售,否,2022-12-16,0.53
102900011032022,小皱皮(份),辣椒类,13:38:49.785,1.0,2.9,销售,否,2022-12-16,0.53
102900011032022,小皱皮(份),辣椒类,13:38:49.948,1.0,2.9,销售,否,2022-12-16,0.53
102900011032022,小皱皮(份),辣椒类,13:38:50.12,1.0,2.9,销售,否,2022-12-16,0.53
102900011032022,小皱皮(份),辣椒类,13:38:50.28,1.0,2.9,销售,否,2022-12-16,0.53
102900011032022,小皱皮(份),辣椒类,13:57:29.21,1.0,2.9,销售,否,2022-12-16,0.53
102900011032022,小皱皮(份),辣椒类,16:43:56.592,1.0,2.9,销售,否,2022-12-16,0.53
102900011032022,小皱皮(份),辣椒类,16:50:43.451,1.0,2.9,销售,否,2022-12-16,0.53
102900011032022,小皱皮(份),辣椒类,17:41:03.587,1.0,2.9,销售,否,2022-12-16,0.53
102900011032022,小皱皮(份),辣椒类,17:45:57.254,1.0,2.9,销售,否,2022-12-16,0.53
102900011032022,小皱皮(份),辣椒类,17:46:50.896,1.0,2.9,销售,否,2022-12-16,0.53
102900011032022,小皱皮(份),辣椒类,17:57:20.29,1.0,2.9,销售,否,2022-12-16,0.53
102900011032022,小皱皮(份),辣椒类,18:17:54.088,1.0,2.9,销售,否,2022-12-16,0.53
102900011032022,小皱皮(份),辣椒类,18:19:25.726,1.0,2.9,销售,否,2022-12-16,0.53
102900011032022,小皱皮(份),辣椒类,18:20:26.826,1.0,2.9,销售,否,2022-12-16,0.53
102900011032022,小皱皮(份),辣椒类,18:40:18.969,1.0,2.9,销售,否,2022-12-16,0.53
102900011032022,小皱皮(份),辣椒类,18:47:01.936,1.0,2.9,销售,否,2022-12-16,0.53
102900011032022,小皱皮(份),辣椒类,18:54:31.17,1.0,2.9,销售,否,2022-12-16,0.53
102900011032022,小皱皮(份),辣椒类,19:13:23.12,1.0,2.9,销售,否,2022-12-16,0.53
102900011032022,小皱皮(份),辣椒类,19:15:10.236,1.0,2.9,销售,否,2022-12-16,0.53
102900011032022,小皱皮(份),辣椒类,19:19:30.887,1.0,2.9,销售,否,2022-12-16,0.53
102900011032022,小皱皮(份),辣椒类,19:19:31.062,1.0,2.9,销售,否,2022-12-16,0.53
102900011032022,小皱皮(份),辣椒类,19:30:03.801,1.0,2.9,销售,否,2022-12-16,0.53
102900011032022,小皱皮(份),辣椒类,19:31:32.631,1.0,2.9,销售,否,2022-12-16,0.53
102900011032022,小皱皮(份),辣椒类,09:55:29.436,1.0,2.9,销售,否,2022-12-17,0.45
102900011032022,小皱皮(份),辣椒类,10:16:31.705,1.0,2.9,销售,否,2022-12-17,0.45
102900011032022,小皱皮(份),辣椒类,12:04:06.409,1.0,2.9,销售,否,2022-12-17,0.45
102900011032022,小皱皮(份),辣椒类,14:17:00.051,1.0,2.9,销售,否,2022-12-17,0.45
102900011032022,小皱皮(份),辣椒类,14:17:00.253,1.0,2.9,销售,否,2022-12-17,0.45
102900011032022,小皱皮(份),辣椒类,15:28:08.873,1.0,2.9,销售,否,2022-12-17,0.45
102900011032022,小皱皮(份),辣椒类,15:29:55.302,1.0,2.9,销售,否,2022-12-17,0.45
102900011032022,小皱皮(份),辣椒类,16:04:00.734,1.0,2.9,销售,否,2022-12-17,0.45
102900011032022,小皱皮(份),辣椒类,16:47:15.186,1.0,2.9,销售,否,2022-12-17,0.45
102900011032022,小皱皮(份),辣椒类,17:05:20.924,1.0,2.9,销售,否,2022-12-17,0.45
102900011032022,小皱皮(份),辣椒类,17:41:53.142,1.0,2.9,销售,否,2022-12-17,0.45
102900011032022,小皱皮(份),辣椒类,17:41:53.307,1.0,2.9,销售,否,2022-12-17,0.45
102900011032022,小皱皮(份),辣椒类,18:39:33.639,1.0,2.9,销售,否,2022-12-17,0.45
102900011032022,小皱皮(份),辣椒类,18:40:01.562,1.0,2.9,销售,否,2022-12-17,0.45
102900011032022,小皱皮(份),辣椒类,18:45:46.514,1.0,2.9,销售,否,2022-12-17,0.45
102900011032022,小皱皮(份),辣椒类,18:53:57.227,1.0,2.9,销售,否,2022-12-17,0.45
102900011032022,小皱皮(份),辣椒类,09:51:46.779,1.0,2.9,销售,否,2022-12-18,0.67
102900011032022,小皱皮(份),辣椒类,10:12:46.949,1.0,2.9,销售,否,2022-12-18,0.67
102900011032022,小皱皮(份),辣椒类,11:09:08.968,1.0,2.9,销售,否,2022-12-18,0.67
102900011032022,小皱皮(份),辣椒类,11:56:20.784,1.0,2.9,销售,否,2022-12-18,0.67
102900011032022,小皱皮(份),辣椒类,12:57:27.016,1.0,2.9,销售,否,2022-12-18,0.67
102900011032022,小皱皮(份),辣椒类,13:00:09.91,1.0,2.9,销售,否,2022-12-18,0.67
102900011032022,小皱皮(份),辣椒类,14:05:15.894,1.0,2.9,销售,否,2022-12-18,0.67
102900011032022,小皱皮(份),辣椒类,14:05:16.074,1.0,2.9,销售,否,2022-12-18,0.67
102900011032022,小皱皮(份),辣椒类,14:27:57.547,1.0,2.9,销售,否,2022-12-18,0.67
102900011032022,小皱皮(份),辣椒类,14:43:11.399,1.0,2.9,销售,否,2022-12-18,0.67
102900011032022,小皱皮(份),辣椒类,14:50:44.003,1.0,2.9,销售,否,2022-12-18,0.67
102900011032022,小皱皮(份),辣椒类,14:50:44.161,1.0,2.9,销售,否,2022-12-18,0.67
102900011032022,小皱皮(份),辣椒类,14:50:44.317,1.0,2.9,销售,否,2022-12-18,0.67
102900011032022,小皱皮(份),辣椒类,15:29:01.812,1.0,2.9,销售,否,2022-12-18,0.67
102900011032022,小皱皮(份),辣椒类,15:31:39.56,1.0,2.9,销售,否,2022-12-18,0.67
102900011032022,小皱皮(份),辣椒类,15:33:43.607,1.0,2.9,销售,否,2022-12-18,0.67
102900011032022,小皱皮(份),辣椒类,16:01:09.562,1.0,2.9,销售,否,2022-12-18,0.67
102900011032022,小皱皮(份),辣椒类,16:13:59.953,1.0,2.9,销售,否,2022-12-18,0.67
102900011032022,小皱皮(份),辣椒类,16:25:41.754,1.0,2.9,销售,否,2022-12-18,0.67
102900011032022,小皱皮(份),辣椒类,16:56:00.747,1.0,2.9,销售,否,2022-12-18,0.67
102900011032022,小皱皮(份),辣椒类,16:57:41.074,1.0,2.9,销售,否,2022-12-18,0.67
102900011032022,小皱皮(份),辣椒类,17:24:11.748,1.0,2.9,销售,否,2022-12-18,0.67
102900011032022,小皱皮(份),辣椒类,17:33:39.679,1.0,2.9,销售,否,2022-12-18,0.67
102900011032022,小皱皮(份),辣椒类,18:51:28.971,1.0,2.9,销售,否,2022-12-18,0.67
102900011032022,小皱皮(份),辣椒类,10:10:21.669,1.0,2.9,销售,否,2022-12-19,0.77
102900011032022,小皱皮(份),辣椒类,10:24:31.412,1.0,2.9,销售,否,2022-12-19,0.77
102900011032022,小皱皮(份),辣椒类,12:10:50.545,1.0,2.9,销售,否,2022-12-19,0.77
102900011032022,小皱皮(份),辣椒类,12:54:35.256,1.0,2.9,销售,否,2022-12-19,0.77
102900011032022,小皱皮(份),辣椒类,16:18:44.782,1.0,2.9,销售,否,2022-12-19,0.77
102900011032022,小皱皮(份),辣椒类,16:50:23.522,1.0,2.9,销售,否,2022-12-19,0.77
102900011032022,小皱皮(份),辣椒类,17:26:08.925,1.0,1.7,销售,是,2022-12-19,0.77
102900011032022,小皱皮(份),辣椒类,17:27:11.366,1.0,1.7,销售,是,2022-12-19,0.77
102900011032022,小皱皮(份),辣椒类,18:00:43.316,1.0,2.9,销售,否,2022-12-19,0.77
102900011032022,小皱皮(份),辣椒类,19:28:21.093,1.0,1.7,销售,是,2022-12-19,0.77
102900011032022,小皱皮(份),辣椒类,09:58:57.451,1.0,2.9,销售,否,2022-12-20,0.6
102900011032022,小皱皮(份),辣椒类,11:17:58.26,1.0,2.9,销售,否,2022-12-20,0.6
102900011032022,小皱皮(份),辣椒类,11:31:22.717,1.0,2.9,销售,否,2022-12-20,0.6
102900011032022,小皱皮(份),辣椒类,11:31:24.717,1.0,2.9,销售,否,2022-12-20,0.6
102900011032022,小皱皮(份),辣椒类,13:10:30.655,1.0,2.9,销售,否,2022-12-20,0.6
102900011032022,小皱皮(份),辣椒类,14:14:22.25,1.0,2.9,销售,否,2022-12-20,0.6
102900011032022,小皱皮(份),辣椒类,18:18:47.85,1.0,2.9,销售,否,2022-12-20,0.6
102900011032022,小皱皮(份),辣椒类,19:20:36.147,1.0,2.9,销售,否,2022-12-20,0.6
102900011032022,小皱皮(份),辣椒类,19:23:46.606,1.0,2.9,销售,否,2022-12-20,0.6
102900011032022,小皱皮(份),辣椒类,19:24:38.102,1.0,1.7,销售,是,2022-12-20,0.6
102900011032022,小皱皮(份),辣椒类,20:29:23.885,1.0,2.9,销售,否,2022-12-20,0.6
102900011032022,小皱皮(份),辣椒类,10:07:04.17,1.0,1.7,销售,是,2022-12-21,0.62
102900011032022,小皱皮(份),辣椒类,10:07:05.608,1.0,1.7,销售,是,2022-12-21,0.62
102900011032022,小皱皮(份),辣椒类,10:57:36.845,1.0,2.9,销售,否,2022-12-21,0.62
102900011032022,小皱皮(份),辣椒类,10:59:33.913,1.0,2.9,销售,否,2022-12-21,0.62
102900011032022,小皱皮(份),辣椒类,10:59:34.072,1.0,1.7,销售,是,2022-12-21,0.62
102900011032022,小皱皮(份),辣椒类,14:28:51.457,1.0,2.9,销售,否,2022-12-21,0.62
102900011032022,小皱皮(份),辣椒类,17:08:20.655,1.0,2.9,销售,否,2022-12-21,0.62
102900011032022,小皱皮(份),辣椒类,17:38:57.088,1.0,2.9,销售,否,2022-12-21,0.62
102900011032022,小皱皮(份),辣椒类,18:59:10.592,1.0,1.7,销售,是,2022-12-21,0.62
102900011032022,小皱皮(份),辣椒类,19:02:52.567,1.0,1.7,销售,是,2022-12-21,0.62
102900011032022,小皱皮(份),辣椒类,09:34:46.67,1.0,2.9,销售,否,2022-12-22,0.72
102900011032022,小皱皮(份),辣椒类,10:58:22.421,1.0,2.9,销售,否,2022-12-22,0.72
102900011032022,小皱皮(份),辣椒类,11:49:16.157,1.0,2.9,销售,否,2022-12-22,0.72
102900011032022,小皱皮(份),辣椒类,15:57:59.983,1.0,2.9,销售,否,2022-12-22,0.72
102900011032022,小皱皮(份),辣椒类,16:09:28.066,1.0,2.9,销售,否,2022-12-22,0.72
102900011032022,小皱皮(份),辣椒类,17:01:51.638,1.0,2.9,销售,否,2022-12-22,0.72
102900011032022,小皱皮(份),辣椒类,17:01:51.799,1.0,2.9,销售,否,2022-12-22,0.72
102900011032022,小皱皮(份),辣椒类,19:13:46.094,1.0,2.9,销售,否,2022-12-22,0.72
102900011032022,小皱皮(份),辣椒类,10:49:03.982,1.0,1.7,销售,是,2022-12-23,0.71
102900011032022,小皱皮(份),辣椒类,11:52:34.133,1.0,1.7,销售,是,2022-12-23,0.71
102900011032022,小皱皮(份),辣椒类,13:33:26.249,1.0,2.9,销售,否,2022-12-23,0.71
102900011032022,小皱皮(份),辣椒类,14:11:41.408,1.0,2.9,销售,否,2022-12-23,0.71
102900011032022,小皱皮(份),辣椒类,16:03:30.57,1.0,2.9,销售,否,2022-12-23,0.71
102900011032022,小皱皮(份),辣椒类,16:13:26.645,1.0,2.9,销售,否,2022-12-23,0.71
102900011032022,小皱皮(份),辣椒类,16:47:30.25,1.0,1.7,销售,是,2022-12-23,0.71
102900011032022,小皱皮(份),辣椒类,16:47:30.367,1.0,1.7,销售,是,2022-12-23,0.71
102900011032022,小皱皮(份),辣椒类,17:05:33.99,1.0,1.7,销售,是,2022-12-23,0.71
102900011032022,小皱皮(份),辣椒类,17:05:36.329,1.0,2.9,销售,否,2022-12-23,0.71
102900011032022,小皱皮(份),辣椒类,18:18:33.399,1.0,2.9,销售,否,2022-12-23,0.71
102900011032022,小皱皮(份),辣椒类,18:18:33.578,1.0,2.9,销售,否,2022-12-23,0.71
102900011032022,小皱皮(份),辣椒类,18:18:34.3,1.0,2.9,销售,否,2022-12-23,0.71
102900011032022,小皱皮(份),辣椒类,18:29:36.954,1.0,2.9,销售,否,2022-12-23,0.71
102900011032022,小皱皮(份),辣椒类,11:08:09.898,1.0,1.7,销售,是,2022-12-24,0.67
102900011032022,小皱皮(份),辣椒类,11:40:12.179,1.0,2.9,销售,否,2022-12-24,0.67
102900011032022,小皱皮(份),辣椒类,11:40:37.686,1.0,2.9,销售,否,2022-12-24,0.67
102900011032022,小皱皮(份),辣椒类,11:40:40.217,1.0,2.9,销售,否,2022-12-24,0.67
102900011032022,小皱皮(份),辣椒类,13:00:45.606,1.0,2.9,销售,否,2022-12-24,0.67
102900011032022,小皱皮(份),辣椒类,13:04:16.166,1.0,2.9,销售,否,2022-12-24,0.67
102900011032022,小皱皮(份),辣椒类,14:11:27.056,1.0,2.9,销售,否,2022-12-24,0.67
102900011032022,小皱皮(份),辣椒类,15:33:29.822,1.0,2.9,销售,否,2022-12-24,0.67
102900011032022,小皱皮(份),辣椒类,18:03:34.081,1.0,2.9,销售,否,2022-12-24,0.67
102900011032022,小皱皮(份),辣椒类,19:27:54.046,1.0,1.7,销售,是,2022-12-24,0.67
102900011032022,小皱皮(份),辣椒类,19:33:35.748,1.0,2.9,销售,否,2022-12-24,0.67
102900011032022,小皱皮(份),辣椒类,19:47:19.451,1.0,2.9,销售,否,2022-12-24,0.67
102900011032022,小皱皮(份),辣椒类,19:47:20.92,1.0,2.9,销售,否,2022-12-24,0.67
102900011032022,小皱皮(份),辣椒类,09:59:48.606,1.0,2.9,销售,否,2022-12-25,0.26
102900011032022,小皱皮(份),辣椒类,13:49:53.873,1.0,2.9,销售,否,2022-12-25,0.26
102900011032022,小皱皮(份),辣椒类,14:22:28.342,1.0,1.7,销售,是,2022-12-25,0.26
102900011032022,小皱皮(份),辣椒类,16:03:39.436,1.0,2.9,销售,否,2022-12-25,0.26
102900011032022,小皱皮(份),辣椒类,17:43:36.987,1.0,2.9,销售,否,2022-12-25,0.26
102900011032022,小皱皮(份),辣椒类,18:17:52.449,1.0,2.9,销售,否,2022-12-25,0.26
102900011032022,小皱皮(份),辣椒类,18:21:16.451,1.0,2.9,销售,否,2022-12-25,0.26
102900011032022,小皱皮(份),辣椒类,19:30:21.17,1.0,2.9,销售,否,2022-12-25,0.26
102900011032022,小皱皮(份),辣椒类,20:27:00.57,1.0,2.9,销售,否,2022-12-25,0.26
102900011032022,小皱皮(份),辣椒类,11:39:48.969,1.0,2.9,销售,否,2022-12-26,0.52
102900011032022,小皱皮(份),辣椒类,12:19:56.823,1.0,2.9,销售,否,2022-12-26,0.52
102900011032022,小皱皮(份),辣椒类,13:09:59.389,1.0,1.7,销售,是,2022-12-26,0.52
102900011032022,小皱皮(份),辣椒类,13:55:44.482,1.0,2.9,销售,否,2022-12-26,0.52
102900011032022,小皱皮(份),辣椒类,14:09:33.139,1.0,2.9,销售,否,2022-12-26,0.52
102900011032022,小皱皮(份),辣椒类,14:09:57.326,1.0,1.7,销售,是,2022-12-26,0.52
102900011032022,小皱皮(份),辣椒类,14:11:31.764,1.0,2.9,销售,否,2022-12-26,0.52
102900011032022,小皱皮(份),辣椒类,17:14:46.188,1.0,2.9,销售,否,2022-12-26,0.52
102900011032022,小皱皮(份),辣椒类,17:51:39.246,1.0,2.9,销售,否,2022-12-26,0.52
102900011032022,小皱皮(份),辣椒类,18:03:47.28,1.0,2.9,销售,否,2022-12-26,0.52
102900011032022,小皱皮(份),辣椒类,18:07:48.997,1.0,2.9,销售,否,2022-12-26,0.52
102900011032022,小皱皮(份),辣椒类,18:17:03.716,1.0,2.9,销售,否,2022-12-26,0.52
102900011032022,小皱皮(份),辣椒类,19:10:26.18,1.0,1.7,销售,是,2022-12-26,0.52
102900011032022,小皱皮(份),辣椒类,20:48:52.201,1.0,2.9,销售,否,2022-12-26,0.52
102900011032022,小皱皮(份),辣椒类,09:36:42.001,1.0,2.9,销售,否,2022-12-27,0.57
102900011032022,小皱皮(份),辣椒类,10:19:31.666,1.0,2.9,销售,否,2022-12-27,0.57
102900011032022,小皱皮(份),辣椒类,10:19:31.845,1.0,2.9,销售,否,2022-12-27,0.57
102900011032022,小皱皮(份),辣椒类,10:53:56.025,1.0,2.9,销售,否,2022-12-27,0.57
102900011032022,小皱皮(份),辣椒类,12:20:17.498,1.0,2.9,销售,否,2022-12-27,0.57
102900011032022,小皱皮(份),辣椒类,13:21:31.701,1.0,2.9,销售,否,2022-12-27,0.57
102900011032022,小皱皮(份),辣椒类,14:18:37.701,1.0,2.9,销售,否,2022-12-27,0.57
102900011032022,小皱皮(份),辣椒类,15:11:07.108,1.0,2.9,销售,否,2022-12-27,0.57
102900011032022,小皱皮(份),辣椒类,16:39:45.958,1.0,2.9,销售,否,2022-12-27,0.57
102900011032022,小皱皮(份),辣椒类,17:19:07.497,1.0,1.7,销售,是,2022-12-27,0.57
102900011032022,小皱皮(份),辣椒类,17:42:54.129,1.0,2.9,销售,否,2022-12-27,0.57
102900011032022,小皱皮(份),辣椒类,17:43:35.111,1.0,1.7,销售,是,2022-12-27,0.57
102900011032022,小皱皮(份),辣椒类,18:58:59.049,1.0,2.9,销售,否,2022-12-27,0.57
102900011032022,小皱皮(份),辣椒类,19:42:28.408,1.0,1.7,销售,是,2022-12-27,0.57
102900011032022,小皱皮(份),辣椒类,19:42:29.971,1.0,1.7,销售,是,2022-12-27,0.57
102900011032022,小皱皮(份),辣椒类,19:49:36.657,1.0,2.9,销售,否,2022-12-27,0.57
102900011032022,小皱皮(份),辣椒类,21:11:40.068,1.0,1.7,销售,是,2022-12-27,0.57
102900011032022,小皱皮(份),辣椒类,17:29:10.154,1.0,2.9,销售,否,2022-12-28,0.53
102900011032022,小皱皮(份),辣椒类,17:56:38.753,1.0,2.9,销售,否,2022-12-28,0.53
102900011032022,小皱皮(份),辣椒类,17:57:42.331,1.0,1.7,销售,是,2022-12-28,0.53
102900011032022,小皱皮(份),辣椒类,17:57:42.437,1.0,2.9,销售,否,2022-12-28,0.53
102900011032022,小皱皮(份),辣椒类,19:55:38.443,1.0,2.9,销售,否,2022-12-28,0.53
102900011032022,小皱皮(份),辣椒类,10:03:01.305,1.0,2.9,销售,否,2022-12-29,0.53
102900011032022,小皱皮(份),辣椒类,10:39:47.182,1.0,1.7,销售,是,2022-12-29,0.53
102900011032022,小皱皮(份),辣椒类,10:47:17.717,1.0,2.9,销售,否,2022-12-29,0.53
102900011032022,小皱皮(份),辣椒类,11:35:30.639,1.0,2.9,销售,否,2022-12-29,0.53
102900011032022,小皱皮(份),辣椒类,12:07:33.359,1.0,1.7,销售,是,2022-12-29,0.53
102900011032022,小皱皮(份),辣椒类,12:07:33.464,1.0,1.7,销售,是,2022-12-29,0.53
102900011032022,小皱皮(份),辣椒类,13:13:49.591,1.0,2.9,销售,否,2022-12-29,0.53
102900011032022,小皱皮(份),辣椒类,15:08:16.864,1.0,2.9,销售,否,2022-12-29,0.53
102900011032022,小皱皮(份),辣椒类,15:08:17.126,1.0,2.9,销售,否,2022-12-29,0.53
102900011032022,小皱皮(份),辣椒类,17:40:13.639,1.0,2.9,销售,否,2022-12-29,0.53
102900011032022,小皱皮(份),辣椒类,18:24:59.701,1.0,2.9,销售,否,2022-12-29,0.53
102900011032022,小皱皮(份),辣椒类,18:25:20.576,1.0,2.9,销售,否,2022-12-29,0.53
102900011032022,小皱皮(份),辣椒类,18:48:21.888,1.0,1.7,销售,是,2022-12-29,0.53
102900011032022,小皱皮(份),辣椒类,19:38:02.58,1.0,2.9,销售,否,2022-12-29,0.53
102900011032022,小皱皮(份),辣椒类,21:17:00.015,1.0,1.7,销售,是,2022-12-29,0.53
102900011032022,小皱皮(份),辣椒类,11:07:29.655,1.0,2.9,销售,否,2022-12-30,0.53
102900011032022,小皱皮(份),辣椒类,11:15:45.636,1.0,2.9,销售,否,2022-12-30,0.53
102900011032022,小皱皮(份),辣椒类,12:51:13.709,1.0,2.9,销售,否,2022-12-30,0.53
102900011032022,小皱皮(份),辣椒类,15:57:28.845,1.0,2.9,销售,否,2022-12-30,0.53
102900011032022,小皱皮(份),辣椒类,17:34:08.951,1.0,2.9,销售,否,2022-12-30,0.53
102900011032022,小皱皮(份),辣椒类,18:10:25.628,1.0,2.9,销售,否,2022-12-30,0.53
102900011032022,小皱皮(份),辣椒类,18:35:10.002,1.0,2.9,销售,否,2022-12-30,0.53
102900011032022,小皱皮(份),辣椒类,20:13:41.13,1.0,1.7,销售,是,2022-12-30,0.53
102900011032022,小皱皮(份),辣椒类,21:08:59.514,1.0,1.7,销售,是,2022-12-30,0.53
102900011032022,小皱皮(份),辣椒类,21:12:30.686,1.0,2.9,销售,否,2022-12-30,0.53
102900011032022,小皱皮(份),辣椒类,10:58:47.002,1.0,2.9,销售,否,2022-12-31,0.55
102900011032022,小皱皮(份),辣椒类,11:45:04.478,1.0,2.9,销售,否,2022-12-31,0.55
102900011032022,小皱皮(份),辣椒类,11:57:17.971,1.0,2.9,销售,否,2022-12-31,0.55
102900011032022,小皱皮(份),辣椒类,11:57:18.136,1.0,2.9,销售,否,2022-12-31,0.55
102900011032022,小皱皮(份),辣椒类,11:57:20.308,1.0,2.9,销售,否,2022-12-31,0.55
102900011032022,小皱皮(份),辣椒类,11:58:44.187,1.0,2.9,销售,否,2022-12-31,0.55
102900011032022,小皱皮(份),辣椒类,13:35:50.786,1.0,2.9,销售,否,2022-12-31,0.55
102900011032022,小皱皮(份),辣椒类,13:35:50.95,1.0,2.9,销售,否,2022-12-31,0.55
102900011032022,小皱皮(份),辣椒类,14:33:18.05,1.0,2.9,销售,否,2022-12-31,0.55
102900011032022,小皱皮(份),辣椒类,14:49:44.684,1.0,1.7,销售,是,2022-12-31,0.55
102900011032022,小皱皮(份),辣椒类,14:49:44.785,1.0,1.7,销售,是,2022-12-31,0.55
102900011032022,小皱皮(份),辣椒类,15:00:04.359,1.0,2.9,销售,否,2022-12-31,0.55
102900011032022,小皱皮(份),辣椒类,15:40:22.137,1.0,1.7,销售,是,2022-12-31,0.55
102900011032022,小皱皮(份),辣椒类,15:48:03.955,1.0,2.9,销售,否,2022-12-31,0.55
102900011032022,小皱皮(份),辣椒类,15:48:06.125,1.0,2.9,销售,否,2022-12-31,0.55
102900011032022,小皱皮(份),辣椒类,16:37:49.332,1.0,2.9,销售,否,2022-12-31,0.55
102900011032022,小皱皮(份),辣椒类,16:54:08.359,1.0,1.7,销售,是,2022-12-31,0.55
102900011032022,小皱皮(份),辣椒类,16:58:51.389,1.0,2.9,销售,否,2022-12-31,0.55
102900011032022,小皱皮(份),辣椒类,17:11:10.139,1.0,2.9,销售,否,2022-12-31,0.55
102900011032022,小皱皮(份),辣椒类,17:44:08.319,1.0,2.9,销售,否,2022-12-31,0.55
102900011032022,小皱皮(份),辣椒类,18:06:51.295,1.0,2.9,销售,否,2022-12-31,0.55
102900011032022,小皱皮(份),辣椒类,18:08:51.394,1.0,2.9,销售,否,2022-12-31,0.55
102900011032022,小皱皮(份),辣椒类,18:22:21.198,1.0,2.9,销售,否,2022-12-31,0.55
102900011032022,小皱皮(份),辣椒类,18:38:14.878,1.0,2.9,销售,否,2022-12-31,0.55
102900011032022,小皱皮(份),辣椒类,19:07:35.601,1.0,2.9,销售,否,2022-12-31,0.55
102900011032022,小皱皮(份),辣椒类,19:15:39.286,1.0,2.9,销售,否,2022-12-31,0.55
102900011032022,小皱皮(份),辣椒类,19:22:41.56,1.0,2.9,销售,否,2022-12-31,0.55
102900011032022,小皱皮(份),辣椒类,21:14:50.336,1.0,1.7,销售,是,2022-12-31,0.55
102900011032022,小皱皮(份),辣椒类,10:40:57.553,1.0,2.9,销售,否,2023-01-01,0.52
102900011032022,小皱皮(份),辣椒类,13:21:00.166,1.0,2.9,销售,否,2023-01-01,0.52
102900011032022,小皱皮(份),辣椒类,13:24:50.229,1.0,2.9,销售,否,2023-01-01,0.52
102900011032022,小皱皮(份),辣椒类,14:06:47.245,1.0,2.9,销售,否,2023-01-01,0.52
102900011032022,小皱皮(份),辣椒类,14:26:12.577,1.0,2.9,销售,否,2023-01-01,0.52
102900011032022,小皱皮(份),辣椒类,16:12:43.34,1.0,2.9,销售,否,2023-01-01,0.52
102900011032022,小皱皮(份),辣椒类,16:30:15.464,1.0,2.9,销售,否,2023-01-01,0.52
102900011032022,小皱皮(份),辣椒类,16:32:23.514,1.0,2.9,销售,否,2023-01-01,0.52
102900011032022,小皱皮(份),辣椒类,18:48:26.076,1.0,2.9,销售,否,2023-01-01,0.52
102900011032022,小皱皮(份),辣椒类,09:44:11.084,1.0,2.9,销售,否,2023-01-02,0.51
102900011032022,小皱皮(份),辣椒类,10:50:32.061,1.0,2.9,销售,否,2023-01-02,0.51
102900011032022,小皱皮(份),辣椒类,11:31:32.724,1.0,2.9,销售,否,2023-01-02,0.51
102900011032022,小皱皮(份),辣椒类,11:31:33.441,1.0,2.9,销售,否,2023-01-02,0.51
102900011032022,小皱皮(份),辣椒类,15:33:57.144,1.0,2.9,销售,否,2023-01-02,0.51
102900011032022,小皱皮(份),辣椒类,16:35:59.85,1.0,2.9,销售,否,2023-01-02,0.51
102900011032022,小皱皮(份),辣椒类,16:40:38.842,1.0,2.9,销售,否,2023-01-02,0.51
102900011032022,小皱皮(份),辣椒类,18:06:35.87,1.0,2.9,销售,否,2023-01-02,0.51
102900011032022,小皱皮(份),辣椒类,18:28:04.292,1.0,1.7,销售,是,2023-01-02,0.51
102900011032022,小皱皮(份),辣椒类,18:34:05.17,1.0,2.9,销售,否,2023-01-02,0.51
102900011032022,小皱皮(份),辣椒类,20:32:50.474,1.0,1.7,销售,是,2023-01-02,0.51
102900011032022,小皱皮(份),辣椒类,21:23:31.78,1.0,2.9,销售,否,2023-01-02,0.51
102900011032022,小皱皮(份),辣椒类,11:12:52.717,1.0,2.9,销售,否,2023-01-03,0.47
102900011032022,小皱皮(份),辣椒类,11:19:04.076,1.0,2.9,销售,否,2023-01-03,0.47
102900011032022,小皱皮(份),辣椒类,12:26:40.957,1.0,2.9,销售,否,2023-01-03,0.47
102900011032022,小皱皮(份),辣椒类,15:25:25.587,1.0,1.7,销售,是,2023-01-03,0.47
102900011032022,小皱皮(份),辣椒类,15:25:26.041,1.0,2.9,销售,否,2023-01-03,0.47
102900011032022,小皱皮(份),辣椒类,16:10:43.984,1.0,2.9,销售,否,2023-01-03,0.47
102900011032022,小皱皮(份),辣椒类,17:19:39.998,1.0,2.9,销售,否,2023-01-03,0.47
102900011032022,小皱皮(份),辣椒类,18:11:31.267,1.0,1.7,销售,是,2023-01-03,0.47
102900011032022,小皱皮(份),辣椒类,18:11:31.375,1.0,1.7,销售,是,2023-01-03,0.47
102900011032022,小皱皮(份),辣椒类,18:11:31.481,1.0,1.7,销售,是,2023-01-03,0.47
102900011032022,小皱皮(份),辣椒类,18:35:53.592,1.0,1.7,销售,是,2023-01-03,0.47
102900011032022,小皱皮(份),辣椒类,18:47:26.842,1.0,1.7,销售,是,2023-01-03,0.47
102900011032022,小皱皮(份),辣椒类,18:48:04.998,1.0,1.7,销售,是,2023-01-03,0.47
102900011032022,小皱皮(份),辣椒类,19:13:59.198,1.0,2.9,销售,否,2023-01-03,0.47
102900011032022,小皱皮(份),辣椒类,19:36:00.7,1.0,2.9,销售,否,2023-01-03,0.47
102900011032022,小皱皮(份),辣椒类,19:38:09.497,1.0,1.7,销售,是,2023-01-03,0.47
102900011032022,小皱皮(份),辣椒类,20:14:28.152,1.0,1.7,销售,是,2023-01-03,0.47
102900011032022,小皱皮(份),辣椒类,21:06:56.171,1.0,1.7,销售,是,2023-01-03,0.47
102900011032022,小皱皮(份),辣椒类,21:06:56.284,1.0,1.7,销售,是,2023-01-03,0.47
102900011032022,小皱皮(份),辣椒类,10:42:13.457,1.0,2.9,销售,否,2023-01-04,0.45
102900011032022,小皱皮(份),辣椒类,11:26:42.194,1.0,2.9,销售,否,2023-01-04,0.45
102900011032022,小皱皮(份),辣椒类,14:44:08.36,1.0,2.9,销售,否,2023-01-04,0.45
102900011032022,小皱皮(份),辣椒类,14:44:08.728,1.0,2.9,销售,否,2023-01-04,0.45
102900011032022,小皱皮(份),辣椒类,14:44:09.658,1.0,2.9,销售,否,2023-01-04,0.45
102900011032022,小皱皮(份),辣椒类,16:39:24.265,1.0,2.9,销售,否,2023-01-04,0.45
102900011032022,小皱皮(份),辣椒类,17:07:48.061,1.0,2.9,销售,否,2023-01-04,0.45
102900011032022,小皱皮(份),辣椒类,18:52:09.204,1.0,1.7,销售,是,2023-01-04,0.45
102900011032022,小皱皮(份),辣椒类,18:52:09.307,1.0,1.7,销售,是,2023-01-04,0.45
102900011032022,小皱皮(份),辣椒类,21:04:56.373,1.0,2.9,销售,否,2023-01-04,0.45
102900011032022,小皱皮(份),辣椒类,21:04:58.842,1.0,2.9,销售,否,2023-01-04,0.45
102900011032022,小皱皮(份),辣椒类,21:28:21.878,1.0,1.7,销售,是,2023-01-04,0.45
102900011032022,小皱皮(份),辣椒类,21:29:45.479,1.0,1.7,销售,是,2023-01-04,0.45
102900011032022,小皱皮(份),辣椒类,09:41:10.248,1.0,2.9,销售,否,2023-01-05,0.62
102900011032022,小皱皮(份),辣椒类,10:27:00.705,1.0,2.9,销售,否,2023-01-05,0.62
102900011032022,小皱皮(份),辣椒类,10:35:28.545,1.0,2.9,销售,否,2023-01-05,0.62
102900011032022,小皱皮(份),辣椒类,11:25:58.123,1.0,2.9,销售,否,2023-01-05,0.62
102900011032022,小皱皮(份),辣椒类,13:06:28.546,1.0,1.7,销售,是,2023-01-05,0.62
102900011032022,小皱皮(份),辣椒类,13:06:28.654,1.0,2.9,销售,否,2023-01-05,0.62
102900011032022,小皱皮(份),辣椒类,16:23:17.639,1.0,2.9,销售,否,2023-01-05,0.62
102900011032022,小皱皮(份),辣椒类,16:31:52.217,1.0,2.9,销售,否,2023-01-05,0.62
102900011032022,小皱皮(份),辣椒类,16:47:39.014,1.0,2.9,销售,否,2023-01-05,0.62
102900011032022,小皱皮(份),辣椒类,16:52:36.436,1.0,2.9,销售,否,2023-01-05,0.62
102900011032022,小皱皮(份),辣椒类,16:52:41.967,1.0,2.9,销售,否,2023-01-05,0.62
102900011032022,小皱皮(份),辣椒类,17:30:08.714,1.0,1.7,销售,是,2023-01-05,0.62
102900011032022,小皱皮(份),辣椒类,17:46:15.035,1.0,2.9,销售,否,2023-01-05,0.62
102900011032022,小皱皮(份),辣椒类,18:11:51.58,1.0,1.7,销售,是,2023-01-05,0.62
102900011032022,小皱皮(份),辣椒类,18:11:51.689,1.0,2.9,销售,否,2023-01-05,0.62
102900011032022,小皱皮(份),辣椒类,19:10:59.574,1.0,2.9,销售,否,2023-01-05,0.62
102900011032022,小皱皮(份),辣椒类,20:51:47.317,1.0,1.7,销售,是,2023-01-05,0.62
102900011032022,小皱皮(份),辣椒类,09:31:26.729,1.0,2.9,销售,否,2023-01-06,0.64
102900011032022,小皱皮(份),辣椒类,09:31:27.097,1.0,2.9,销售,否,2023-01-06,0.64
102900011032022,小皱皮(份),辣椒类,09:35:33.67,1.0,2.9,销售,否,2023-01-06,0.64
102900011032022,小皱皮(份),辣椒类,09:35:35.233,1.0,2.9,销售,否,2023-01-06,0.64
102900011032022,小皱皮(份),辣椒类,09:47:25.434,1.0,2.9,销售,否,2023-01-06,0.64
102900011032022,小皱皮(份),辣椒类,09:47:25.613,1.0,2.9,销售,否,2023-01-06,0.64
102900011032022,小皱皮(份),辣椒类,10:18:50.998,1.0,2.9,销售,否,2023-01-06,0.64
102900011032022,小皱皮(份),辣椒类,12:03:26.342,1.0,2.9,销售,否,2023-01-06,0.64
102900011032022,小皱皮(份),辣椒类,15:56:11.641,1.0,2.9,销售,否,2023-01-06,0.64
102900011032022,小皱皮(份),辣椒类,16:04:20.646,1.0,1.7,销售,是,2023-01-06,0.64
102900011032022,小皱皮(份),辣椒类,16:36:08.156,1.0,2.9,销售,否,2023-01-06,0.64
102900011032022,小皱皮(份),辣椒类,17:02:11.45,1.0,1.7,销售,是,2023-01-06,0.64
102900011032022,小皱皮(份),辣椒类,17:02:11.552,1.0,1.7,销售,是,2023-01-06,0.64
102900011032022,小皱皮(份),辣椒类,17:20:25.75,1.0,1.7,销售,是,2023-01-06,0.64
102900011032022,小皱皮(份),辣椒类,18:00:01.639,1.0,2.9,销售,否,2023-01-06,0.64
102900011032022,小皱皮(份),辣椒类,18:04:49.834,1.0,2.9,销售,否,2023-01-06,0.64
102900011032022,小皱皮(份),辣椒类,20:33:02.076,1.0,1.7,销售,是,2023-01-06,0.64
102900011032022,小皱皮(份),辣椒类,21:11:50.625,1.0,1.7,销售,是,2023-01-06,0.64
102900011032022,小皱皮(份),辣椒类,09:51:34.941,1.0,2.9,销售,否,2023-01-07,0.75
102900011032022,小皱皮(份),辣椒类,09:55:51.237,1.0,2.9,销售,否,2023-01-07,0.75
102900011032022,小皱皮(份),辣椒类,10:32:28.494,1.0,2.9,销售,否,2023-01-07,0.75
102900011032022,小皱皮(份),辣椒类,12:11:11.756,1.0,2.9,销售,否,2023-01-07,0.75
102900011032022,小皱皮(份),辣椒类,12:52:22.343,1.0,2.9,销售,否,2023-01-07,0.75
102900011032022,小皱皮(份),辣椒类,14:15:23.728,1.0,2.9,销售,否,2023-01-07,0.75
102900011032022,小皱皮(份),辣椒类,15:47:05.512,1.0,2.9,销售,否,2023-01-07,0.75
102900011032022,小皱皮(份),辣椒类,16:43:05.797,1.0,2.9,销售,否,2023-01-07,0.75
102900011032022,小皱皮(份),辣椒类,16:43:43.201,1.0,2.9,销售,否,2023-01-07,0.75
102900011032022,小皱皮(份),辣椒类,16:48:51.092,1.0,2.9,销售,否,2023-01-07,0.75
102900011032022,小皱皮(份),辣椒类,17:27:50.842,1.0,1.7,销售,是,2023-01-07,0.75
102900011032022,小皱皮(份),辣椒类,17:28:05.858,1.0,2.9,销售,否,2023-01-07,0.75
102900011032022,小皱皮(份),辣椒类,17:31:27.229,1.0,1.7,销售,是,2023-01-07,0.75
102900011032022,小皱皮(份),辣椒类,17:56:37.171,1.0,2.9,销售,否,2023-01-07,0.75
102900011032022,小皱皮(份),辣椒类,18:07:24.061,1.0,2.9,销售,否,2023-01-07,0.75
102900011032022,小皱皮(份),辣椒类,18:30:25.28,1.0,2.9,销售,否,2023-01-07,0.75
102900011032022,小皱皮(份),辣椒类,18:30:41.889,1.0,2.9,销售,否,2023-01-07,0.75
102900011032022,小皱皮(份),辣椒类,19:16:29.451,1.0,1.7,销售,是,2023-01-07,0.75
102900011032022,小皱皮(份),辣椒类,19:16:31.483,1.0,1.7,销售,是,2023-01-07,0.75
102900011032022,小皱皮(份),辣椒类,21:35:32.612,1.0,2.9,销售,否,2023-01-07,0.75
102900011032022,小皱皮(份),辣椒类,21:35:32.908,1.0,2.9,销售,否,2023-01-07,0.75
102900011032022,小皱皮(份),辣椒类,10:15:45.78,1.0,3.5,销售,否,2023-01-08,0.81
102900011032022,小皱皮(份),辣椒类,10:50:23.87,1.0,3.5,销售,否,2023-01-08,0.81
102900011032022,小皱皮(份),辣椒类,10:50:24.038,1.0,3.5,销售,否,2023-01-08,0.81
102900011032022,小皱皮(份),辣椒类,11:31:13.67,1.0,3.5,销售,否,2023-01-08,0.81
102900011032022,小皱皮(份),辣椒类,11:43:05.436,1.0,3.5,销售,否,2023-01-08,0.81
102900011032022,小皱皮(份),辣椒类,13:39:07.331,1.0,3.5,销售,否,2023-01-08,0.81
102900011032022,小皱皮(份),辣椒类,15:40:29.534,1.0,3.5,销售,否,2023-01-08,0.81
102900011032022,小皱皮(份),辣椒类,16:56:35.311,1.0,3.5,销售,否,2023-01-08,0.81
102900011032022,小皱皮(份),辣椒类,16:57:17.373,1.0,3.5,销售,否,2023-01-08,0.81
102900011032022,小皱皮(份),辣椒类,17:18:11.012,1.0,3.5,销售,否,2023-01-08,0.81
102900011032022,小皱皮(份),辣椒类,17:37:20.358,1.0,3.5,销售,否,2023-01-08,0.81
102900011032022,小皱皮(份),辣椒类,18:04:13.143,1.0,3.5,销售,否,2023-01-08,0.81
102900011032022,小皱皮(份),辣椒类,19:19:04.865,1.0,2.1,销售,是,2023-01-08,0.81
102900011032022,小皱皮(份),辣椒类,19:19:04.967,1.0,2.1,销售,是,2023-01-08,0.81
102900011032022,小皱皮(份),辣椒类,20:17:16.764,1.0,3.5,销售,否,2023-01-08,0.81
102900011032022,小皱皮(份),辣椒类,21:24:33.748,1.0,3.5,销售,否,2023-01-08,0.81
102900011032022,小皱皮(份),辣椒类,10:23:36.561,1.0,3.5,销售,否,2023-01-09,1.09
102900011032022,小皱皮(份),辣椒类,15:27:04.433,1.0,3.5,销售,否,2023-01-09,1.09
102900011032022,小皱皮(份),辣椒类,15:48:44.802,1.0,3.5,销售,否,2023-01-09,1.09
102900011032022,小皱皮(份),辣椒类,16:31:24.61,1.0,3.5,销售,否,2023-01-09,1.09
102900011032022,小皱皮(份),辣椒类,18:32:59.621,1.0,3.5,销售,否,2023-01-09,1.09
102900011032022,小皱皮(份),辣椒类,18:40:34.873,1.0,3.5,销售,否,2023-01-09,1.09
102900011032022,小皱皮(份),辣椒类,20:24:14.248,1.0,3.5,销售,否,2023-01-09,1.09
102900011032022,小皱皮(份),辣椒类,09:25:51.592,1.0,3.5,销售,否,2023-01-10,1.09
102900011032022,小皱皮(份),辣椒类,11:08:15.349,1.0,3.5,销售,否,2023-01-10,1.09
102900011032022,小皱皮(份),辣椒类,12:23:06.701,1.0,3.5,销售,否,2023-01-10,1.09
102900011032022,小皱皮(份),辣椒类,15:07:16.092,1.0,3.5,销售,否,2023-01-10,1.09
102900011032022,小皱皮(份),辣椒类,15:44:03.896,1.0,3.5,销售,否,2023-01-10,1.09
102900011032022,小皱皮(份),辣椒类,15:51:28.103,1.0,3.5,销售,否,2023-01-10,1.09
102900011032022,小皱皮(份),辣椒类,16:27:43.883,1.0,3.5,销售,否,2023-01-10,1.09
102900011032022,小皱皮(份),辣椒类,16:51:37.403,1.0,3.5,销售,否,2023-01-10,1.09
102900011032022,小皱皮(份),辣椒类,18:16:58.155,1.0,3.5,销售,否,2023-01-10,1.09
102900011032022,小皱皮(份),辣椒类,18:31:54.913,1.0,2.1,销售,是,2023-01-10,1.09
102900011032022,小皱皮(份),辣椒类,19:23:31.889,1.0,2.1,销售,是,2023-01-10,1.09
102900011032022,小皱皮(份),辣椒类,21:31:31.56,1.0,2.1,销售,是,2023-01-10,1.09
102900011032022,小皱皮(份),辣椒类,21:31:31.761,1.0,2.1,销售,是,2023-01-10,1.09
102900011032022,小皱皮(份),辣椒类,14:48:40.6,1.0,3.5,销售,否,2023-01-11,1.26
102900011032022,小皱皮(份),辣椒类,14:48:40.862,1.0,3.5,销售,否,2023-01-11,1.26
102900011032022,小皱皮(份),辣椒类,15:53:05.867,1.0,2.1,销售,是,2023-01-11,1.26
102900011032022,小皱皮(份),辣椒类,20:01:29.911,1.0,2.1,销售,是,2023-01-11,1.26
102900011032022,小皱皮(份),辣椒类,20:07:34.287,1.0,3.5,销售,否,2023-01-11,1.26
102900011032022,小皱皮(份),辣椒类,21:15:15.848,1.0,2.1,销售,是,2023-01-11,1.26
102900011032022,小皱皮(份),辣椒类,21:15:15.952,1.0,2.1,销售,是,2023-01-11,1.26
102900011032022,小皱皮(份),辣椒类,21:25:31.905,1.0,3.5,销售,否,2023-01-11,1.26
102900011032022,小皱皮(份),辣椒类,11:44:31.795,1.0,3.5,销售,否,2023-01-12,1.45
102900011032022,小皱皮(份),辣椒类,14:30:39.473,1.0,3.5,销售,否,2023-01-12,1.45
102900011032022,小皱皮(份),辣椒类,16:49:49.418,1.0,2.1,销售,是,2023-01-12,1.45
102900011032022,小皱皮(份),辣椒类,17:15:42.983,1.0,3.5,销售,否,2023-01-12,1.45
102900011032022,小皱皮(份),辣椒类,17:27:06.814,1.0,3.5,销售,否,2023-01-12,1.45
102900011032022,小皱皮(份),辣椒类,18:00:26.306,1.0,2.1,销售,是,2023-01-12,1.45
102900011032022,小皱皮(份),辣椒类,18:41:43.582,1.0,2.1,销售,是,2023-01-12,1.45
102900011032022,小皱皮(份),辣椒类,19:01:10.399,1.0,3.5,销售,否,2023-01-12,1.45
102900011032022,小皱皮(份),辣椒类,19:01:10.573,1.0,3.5,销售,否,2023-01-12,1.45
102900011032022,小皱皮(份),辣椒类,19:01:10.761,1.0,3.5,销售,否,2023-01-12,1.45
102900011032022,小皱皮(份),辣椒类,20:44:14.864,1.0,2.1,销售,是,2023-01-12,1.45
102900011032022,小皱皮(份),辣椒类,20:44:14.963,1.0,2.1,销售,是,2023-01-12,1.45
102900011032022,小皱皮(份),辣椒类,21:34:54.88,1.0,3.5,销售,否,2023-01-12,1.45
102900011032022,小皱皮(份),辣椒类,10:30:15.052,1.0,3.5,销售,否,2023-01-13,1.5
102900011032022,小皱皮(份),辣椒类,10:40:56.362,1.0,3.5,销售,否,2023-01-13,1.5
102900011032022,小皱皮(份),辣椒类,11:21:45.514,1.0,3.5,销售,否,2023-01-13,1.5
102900011032022,小皱皮(份),辣椒类,11:53:52.443,1.0,3.5,销售,否,2023-01-13,1.5
102900011032022,小皱皮(份),辣椒类,11:53:52.622,1.0,3.5,销售,否,2023-01-13,1.5
102900011032022,小皱皮(份),辣椒类,15:38:16.936,1.0,3.5,销售,否,2023-01-13,1.5
102900011032022,小皱皮(份),辣椒类,16:19:06.983,1.0,3.5,销售,否,2023-01-13,1.5
102900011032022,小皱皮(份),辣椒类,16:23:26.858,1.0,3.5,销售,否,2023-01-13,1.5
102900011032022,小皱皮(份),辣椒类,16:24:14.373,1.0,3.5,销售,否,2023-01-13,1.5
102900011032022,小皱皮(份),辣椒类,16:40:11.739,1.0,3.5,销售,否,2023-01-13,1.5
102900011032022,小皱皮(份),辣椒类,17:15:18.25,1.0,3.5,销售,否,2023-01-13,1.5
102900011032022,小皱皮(份),辣椒类,17:31:22.136,1.0,3.5,销售,否,2023-01-13,1.5
102900011032022,小皱皮(份),辣椒类,17:36:53.133,1.0,3.5,销售,否,2023-01-13,1.5
102900011032022,小皱皮(份),辣椒类,18:02:39.608,1.0,3.5,销售,否,2023-01-13,1.5
102900011032022,小皱皮(份),辣椒类,18:31:19.429,1.0,3.5,销售,否,2023-01-13,1.5
102900011032022,小皱皮(份),辣椒类,20:07:43.339,1.0,3.5,销售,否,2023-01-13,1.5
102900011032022,小皱皮(份),辣椒类,21:09:06.971,1.0,3.5,销售,否,2023-01-13,1.5
102900011032022,小皱皮(份),辣椒类,10:14:21.335,1.0,3.5,销售,否,2023-01-14,1.49
102900011032022,小皱皮(份),辣椒类,11:09:02.963,1.0,3.5,销售,否,2023-01-14,1.49
102900011032022,小皱皮(份),辣椒类,11:22:22.295,1.0,3.5,销售,否,2023-01-14,1.49
102900011032022,小皱皮(份),辣椒类,12:36:29.655,1.0,3.5,销售,否,2023-01-14,1.49
102900011032022,小皱皮(份),辣椒类,12:40:00.481,1.0,3.5,销售,否,2023-01-14,1.49
102900011032022,小皱皮(份),辣椒类,14:33:58.483,1.0,3.5,销售,否,2023-01-14,1.49
102900011032022,小皱皮(份),辣椒类,17:22:28.876,1.0,3.5,销售,否,2023-01-14,1.49
102900011032022,小皱皮(份),辣椒类,17:23:13.408,1.0,3.5,销售,否,2023-01-14,1.49
102900011032022,小皱皮(份),辣椒类,17:24:03.363,1.0,3.5,销售,否,2023-01-14,1.49
102900011032022,小皱皮(份),辣椒类,17:55:58.945,1.0,3.5,销售,否,2023-01-14,1.49
102900011032022,小皱皮(份),辣椒类,19:17:48.373,1.0,3.5,销售,否,2023-01-14,1.49
102900011032022,小皱皮(份),辣椒类,09:44:17.326,1.0,3.5,销售,否,2023-01-15,1.38
102900011032022,小皱皮(份),辣椒类,09:44:20.701,1.0,3.5,销售,否,2023-01-15,1.38
102900011032022,小皱皮(份),辣椒类,09:56:51.157,1.0,3.5,销售,否,2023-01-15,1.38
102900011032022,小皱皮(份),辣椒类,10:42:36.115,1.0,3.5,销售,否,2023-01-15,1.38
102900011032022,小皱皮(份),辣椒类,15:38:00.655,1.0,3.5,销售,否,2023-01-15,1.38
102900011032022,小皱皮(份),辣椒类,15:40:26.784,1.0,3.5,销售,否,2023-01-15,1.38
102900011032022,小皱皮(份),辣椒类,15:40:29.894,1.0,3.5,销售,否,2023-01-15,1.38
102900011032022,小皱皮(份),辣椒类,16:52:20.854,1.0,3.5,销售,否,2023-01-15,1.38
102900011032022,小皱皮(份),辣椒类,17:32:33.237,1.0,3.5,销售,否,2023-01-15,1.38
102900011032022,小皱皮(份),辣椒类,19:15:50.155,1.0,3.5,销售,否,2023-01-15,1.38
102900011032022,小皱皮(份),辣椒类,19:23:09.997,1.0,2.1,销售,是,2023-01-15,1.38
102900011032022,小皱皮(份),辣椒类,21:28:23.486,1.0,2.1,销售,是,2023-01-15,1.38
102900011032022,小皱皮(份),辣椒类,21:28:23.594,1.0,2.1,销售,是,2023-01-15,1.38
102900011032022,小皱皮(份),辣椒类,21:28:23.698,1.0,2.1,销售,是,2023-01-15,1.38
102900011032022,小皱皮(份),辣椒类,11:47:16.295,1.0,3.5,销售,否,2023-01-16,1.38
102900011032022,小皱皮(份),辣椒类,14:10:13.795,1.0,3.5,销售,否,2023-01-16,1.38
102900011032022,小皱皮(份),辣椒类,20:39:18.373,1.0,2.1,销售,是,2023-01-16,1.38
102900011032022,小皱皮(份),辣椒类,12:13:31.076,1.0,3.5,销售,否,2023-01-17,1.38
102900011032022,小皱皮(份),辣椒类,16:40:44.674,1.0,3.5,销售,否,2023-01-17,1.38
102900011032022,小皱皮(份),辣椒类,17:38:58.295,1.0,3.5,销售,否,2023-01-17,1.38
102900011032022,小皱皮(份),辣椒类,17:43:26.47,1.0,3.5,销售,否,2023-01-17,1.38
102900011032022,小皱皮(份),辣椒类,17:50:08.663,1.0,3.5,销售,否,2023-01-17,1.38
102900011032022,小皱皮(份),辣椒类,17:55:42.116,1.0,3.5,销售,否,2023-01-17,1.38
102900011032022,小皱皮(份),辣椒类,18:17:35.561,1.0,3.5,销售,否,2023-01-17,1.38
102900011032022,小皱皮(份),辣椒类,18:17:40.514,1.0,3.5,销售,否,2023-01-17,1.38
102900011032022,小皱皮(份),辣椒类,18:17:52.701,1.0,3.5,销售,否,2023-01-17,1.38
102900011032022,小皱皮(份),辣椒类,18:31:15.411,1.0,3.5,销售,否,2023-01-17,1.38
102900011032022,小皱皮(份),辣椒类,20:03:59.687,1.0,3.5,销售,否,2023-01-17,1.38
102900011032022,小皱皮(份),辣椒类,20:15:24.733,1.0,3.5,销售,否,2023-01-17,1.38
102900011032022,小皱皮(份),辣椒类,14:16:12.424,1.0,3.5,销售,否,2023-01-19,1.38
102900011032022,小皱皮(份),辣椒类,15:00:11.428,1.0,3.5,销售,否,2023-01-19,1.38
102900011032022,小皱皮(份),辣椒类,15:39:49.061,1.0,3.5,销售,否,2023-01-19,1.38
102900011032022,小皱皮(份),辣椒类,15:53:12.35,1.0,3.5,销售,否,2023-01-19,1.38
102900011032022,小皱皮(份),辣椒类,15:56:52.697,1.0,3.5,销售,否,2023-01-19,1.38
102900011032022,小皱皮(份),辣椒类,16:41:57.298,1.0,3.5,销售,否,2023-01-19,1.38
102900011032022,小皱皮(份),辣椒类,17:00:01.951,1.0,3.5,销售,否,2023-01-19,1.38
102900011032022,小皱皮(份),辣椒类,17:00:03.701,1.0,3.5,销售,否,2023-01-19,1.38
102900011032022,小皱皮(份),辣椒类,18:16:29.78,1.0,3.5,销售,否,2023-01-19,1.38
102900011032022,小皱皮(份),辣椒类,10:35:13.467,1.0,3.5,销售,否,2023-01-20,1.38
102900011032022,小皱皮(份),辣椒类,11:23:48.216,1.0,3.5,销售,否,2023-01-20,1.38
102900011032022,小皱皮(份),辣椒类,14:02:23.161,1.0,3.5,销售,否,2023-01-20,1.38
102900011032022,小皱皮(份),辣椒类,15:57:24.047,1.0,3.5,销售,否,2023-01-20,1.38
102900011032022,小皱皮(份),辣椒类,16:15:13.767,1.0,3.5,销售,否,2023-01-20,1.38
102900011032022,小皱皮(份),辣椒类,17:51:36.478,1.0,3.5,销售,否,2023-01-20,1.38
102900011032022,小皱皮(份),辣椒类,17:51:36.663,1.0,3.5,销售,否,2023-01-20,1.38
102900011032022,小皱皮(份),辣椒类,18:20:29.687,1.0,3.5,销售,否,2023-01-20,1.38
102900011032022,小皱皮(份),辣椒类,18:21:57.878,1.0,3.5,销售,否,2023-01-20,1.38
102900011032022,小皱皮(份),辣椒类,20:08:38.248,1.0,3.5,销售,否,2023-01-20,1.38
102900011032022,小皱皮(份),辣椒类,20:43:33.842,1.0,3.5,销售,否,2023-01-25,2.25
102900011032022,小皱皮(份),辣椒类,20:49:18.981,1.0,3.5,销售,否,2023-01-25,2.25
102900011032022,小皱皮(份),辣椒类,20:51:51.387,1.0,3.5,销售,否,2023-01-25,2.25
102900011032022,小皱皮(份),辣椒类,21:15:00.155,1.0,3.5,销售,否,2023-01-25,2.25
102900011032022,小皱皮(份),辣椒类,10:28:46.439,1.0,3.5,销售,否,2023-01-26,2.21
102900011032022,小皱皮(份),辣椒类,10:33:40.032,1.0,3.5,销售,否,2023-01-26,2.21
102900011032022,小皱皮(份),辣椒类,10:46:20.582,1.0,3.5,销售,否,2023-01-26,2.21
102900011032022,小皱皮(份),辣椒类,10:50:53.632,1.0,3.5,销售,否,2023-01-26,2.21
102900011032022,小皱皮(份),辣椒类,10:58:18.33,1.0,3.5,销售,否,2023-01-26,2.21
102900011032022,小皱皮(份),辣椒类,11:50:25.925,1.0,3.5,销售,否,2023-01-26,2.21
102900011032022,小皱皮(份),辣椒类,12:49:28.656,1.0,3.5,销售,否,2023-01-26,2.21
102900011032022,小皱皮(份),辣椒类,14:17:53.472,1.0,3.5,销售,否,2023-01-26,2.21
102900011032022,小皱皮(份),辣椒类,14:55:28.686,1.0,3.5,销售,否,2023-01-26,2.21
102900011032022,小皱皮(份),辣椒类,15:04:18.989,1.0,3.5,销售,否,2023-01-26,2.21
102900011032022,小皱皮(份),辣椒类,15:23:42.82,1.0,3.5,销售,否,2023-01-26,2.21
102900011032022,小皱皮(份),辣椒类,15:23:42.996,1.0,3.5,销售,否,2023-01-26,2.21
102900011032022,小皱皮(份),辣椒类,15:23:43.742,1.0,3.5,销售,否,2023-01-26,2.21
102900011032022,小皱皮(份),辣椒类,16:23:15.999,1.0,3.5,销售,否,2023-01-26,2.21
102900011032022,小皱皮(份),辣椒类,20:21:14.417,1.0,3.5,销售,否,2023-01-26,2.21
102900011032022,小皱皮(份),辣椒类,21:25:38.838,1.0,3.5,销售,否,2023-01-26,2.21
102900011032022,小皱皮(份),辣椒类,09:28:26.67,1.0,3.5,销售,否,2023-01-27,1.53
102900011032022,小皱皮(份),辣椒类,09:28:34.045,1.0,3.5,销售,否,2023-01-27,1.53
102900011032022,小皱皮(份),辣椒类,09:33:58.425,1.0,3.5,销售,否,2023-01-27,1.53
102900011032022,小皱皮(份),辣椒类,09:44:24.047,1.0,3.5,销售,否,2023-01-27,1.53
102900011032022,小皱皮(份),辣椒类,09:44:24.234,1.0,3.5,销售,否,2023-01-27,1.53
102900011032022,小皱皮(份),辣椒类,10:04:50.729,1.0,3.5,销售,否,2023-01-27,1.53
102900011032022,小皱皮(份),辣椒类,10:34:17.015,1.0,3.5,销售,否,2023-01-27,1.53
102900011032022,小皱皮(份),辣椒类,10:55:17.3,1.0,3.5,销售,否,2023-01-27,1.53
102900011032022,小皱皮(份),辣椒类,11:18:07.201,1.0,3.5,销售,否,2023-01-27,1.53
102900011032022,小皱皮(份),辣椒类,11:48:31.514,1.0,3.5,销售,否,2023-01-27,1.53
102900011032022,小皱皮(份),辣椒类,11:48:51.576,1.0,3.5,销售,否,2023-01-27,1.53
102900011032022,小皱皮(份),辣椒类,11:53:30.67,1.0,3.5,销售,否,2023-01-27,1.53
102900011032022,小皱皮(份),辣椒类,11:55:19.976,1.0,3.5,销售,否,2023-01-27,1.53
102900011032022,小皱皮(份),辣椒类,12:00:24.403,1.0,3.5,销售,否,2023-01-27,1.53
102900011032022,小皱皮(份),辣椒类,12:40:47.872,1.0,3.5,销售,否,2023-01-27,1.53
102900011032022,小皱皮(份),辣椒类,12:41:28.326,1.0,3.5,销售,否,2023-01-27,1.53
102900011032022,小皱皮(份),辣椒类,12:48:24.53,1.0,3.5,销售,否,2023-01-27,1.53
102900011032022,小皱皮(份),辣椒类,13:08:14.353,1.0,3.5,销售,否,2023-01-27,1.53
102900011032022,小皱皮(份),辣椒类,13:35:19.795,1.0,3.5,销售,否,2023-01-27,1.53
102900011032022,小皱皮(份),辣椒类,14:09:01.655,1.0,3.5,销售,否,2023-01-27,1.53
102900011032022,小皱皮(份),辣椒类,14:13:47.85,1.0,3.5,销售,否,2023-01-27,1.53
102900011032022,小皱皮(份),辣椒类,14:13:48.025,1.0,3.5,销售,否,2023-01-27,1.53
102900011032022,小皱皮(份),辣椒类,14:15:59.495,1.0,3.5,销售,否,2023-01-27,1.53
102900011032022,小皱皮(份),辣椒类,14:19:40.842,1.0,3.5,销售,否,2023-01-27,1.53
102900011032022,小皱皮(份),辣椒类,14:19:41.233,1.0,3.5,销售,否,2023-01-27,1.53
102900011032022,小皱皮(份),辣椒类,14:24:54.217,1.0,3.5,销售,否,2023-01-27,1.53
102900011032022,小皱皮(份),辣椒类,14:52:06.235,1.0,3.5,销售,否,2023-01-27,1.53
102900011032022,小皱皮(份),辣椒类,15:46:56.822,1.0,3.5,销售,否,2023-01-27,1.53
102900011032022,小皱皮(份),辣椒类,15:46:57.523,1.0,3.5,销售,否,2023-01-27,1.53
102900011032022,小皱皮(份),辣椒类,16:01:25.761,1.0,3.5,销售,否,2023-01-27,1.53
102900011032022,小皱皮(份),辣椒类,16:16:03.506,1.0,3.5,销售,否,2023-01-27,1.53
102900011032022,小皱皮(份),辣椒类,16:16:03.678,1.0,3.5,销售,否,2023-01-27,1.53
102900011032022,小皱皮(份),辣椒类,16:30:07.507,1.0,3.5,销售,否,2023-01-27,1.53
102900011032022,小皱皮(份),辣椒类,17:40:27.377,1.0,3.5,销售,否,2023-01-27,1.53
102900011032022,小皱皮(份),辣椒类,18:04:13.428,1.0,3.5,销售,否,2023-01-27,1.53
102900011032022,小皱皮(份),辣椒类,18:19:11.251,1.0,3.5,销售,否,2023-01-27,1.53
102900011032022,小皱皮(份),辣椒类,18:31:36.306,1.0,3.5,销售,否,2023-01-27,1.53
102900011032022,小皱皮(份),辣椒类,18:35:40.608,1.0,3.5,销售,否,2023-01-27,1.53
102900011032022,小皱皮(份),辣椒类,19:06:46.608,1.0,3.5,销售,否,2023-01-27,1.53
102900011032022,小皱皮(份),辣椒类,19:21:42.005,1.0,3.5,销售,否,2023-01-27,1.53
102900011032022,小皱皮(份),辣椒类,19:39:42.819,1.0,3.5,销售,否,2023-01-27,1.53
102900011032022,小皱皮(份),辣椒类,20:36:28.294,1.0,3.5,销售,否,2023-01-27,1.53
102900011032022,小皱皮(份),辣椒类,21:25:35.889,1.0,3.5,销售,否,2023-01-27,1.53
102900011032022,小皱皮(份),辣椒类,21:27:57.686,1.0,3.5,销售,否,2023-01-27,1.53
102900011032022,小皱皮(份),辣椒类,10:16:02.196,1.0,3.5,销售,否,2023-01-28,1.57
102900011032022,小皱皮(份),辣椒类,10:38:17.44,1.0,3.5,销售,否,2023-01-28,1.57
102900011032022,小皱皮(份),辣椒类,11:02:58.762,1.0,3.5,销售,否,2023-01-28,1.57
102900011032022,小皱皮(份),辣椒类,12:05:20.056,1.0,3.5,销售,否,2023-01-28,1.57
102900011032022,小皱皮(份),辣椒类,12:24:04.75,1.0,3.5,销售,否,2023-01-28,1.57
102900011032022,小皱皮(份),辣椒类,13:08:08.842,1.0,3.5,销售,否,2023-01-28,1.57
102900011032022,小皱皮(份),辣椒类,13:08:34.217,1.0,3.5,销售,否,2023-01-28,1.57
102900011032022,小皱皮(份),辣椒类,13:43:32.139,1.0,3.5,销售,否,2023-01-28,1.57
102900011032022,小皱皮(份),辣椒类,14:03:23.458,1.0,3.5,销售,否,2023-01-28,1.57
102900011032022,小皱皮(份),辣椒类,14:38:11.786,1.0,3.5,销售,否,2023-01-28,1.57
102900011032022,小皱皮(份),辣椒类,15:35:40.717,1.0,3.5,销售,否,2023-01-28,1.57
102900011032022,小皱皮(份),辣椒类,16:03:42.905,1.0,3.5,销售,否,2023-01-28,1.57
102900011032022,小皱皮(份),辣椒类,16:50:18.376,1.0,3.5,销售,否,2023-01-28,1.57
102900011032022,小皱皮(份),辣椒类,16:50:18.558,1.0,3.5,销售,否,2023-01-28,1.57
102900011032022,小皱皮(份),辣椒类,17:03:18.686,1.0,3.5,销售,否,2023-01-28,1.57
102900011032022,小皱皮(份),辣椒类,17:04:37.186,1.0,3.5,销售,否,2023-01-28,1.57
102900011032022,小皱皮(份),辣椒类,17:04:41.233,1.0,3.5,销售,否,2023-01-28,1.57
102900011032022,小皱皮(份),辣椒类,17:13:22.608,1.0,3.5,销售,否,2023-01-28,1.57
102900011032022,小皱皮(份),辣椒类,17:13:25.217,1.0,3.5,销售,否,2023-01-28,1.57
102900011032022,小皱皮(份),辣椒类,17:24:30.326,1.0,3.5,销售,否,2023-01-28,1.57
102900011032022,小皱皮(份),辣椒类,17:48:42.897,1.0,3.5,销售,否,2023-01-28,1.57
102900011032022,小皱皮(份),辣椒类,18:08:10.639,1.0,3.5,销售,否,2023-01-28,1.57
102900011032022,小皱皮(份),辣椒类,18:09:17.521,1.0,3.5,销售,否,2023-01-28,1.57
102900011032022,小皱皮(份),辣椒类,19:07:13.483,1.0,3.5,销售,否,2023-01-28,1.57
102900011032022,小皱皮(份),辣椒类,19:40:58.723,1.0,3.5,销售,否,2023-01-28,1.57
102900011032022,小皱皮(份),辣椒类,20:26:20.739,1.0,3.5,销售,否,2023-01-28,1.57
102900011032022,小皱皮(份),辣椒类,20:30:56.545,1.0,3.5,销售,否,2023-01-28,1.57
102900011032022,小皱皮(份),辣椒类,09:40:53.616,1.0,3.5,销售,否,2023-01-29,1.57
102900011032022,小皱皮(份),辣椒类,09:41:04.802,1.0,3.5,销售,否,2023-01-29,1.57
102900011032022,小皱皮(份),辣椒类,10:03:09.576,1.0,3.5,销售,否,2023-01-29,1.57
102900011032022,小皱皮(份),辣椒类,10:54:43.28,1.0,3.5,销售,否,2023-01-29,1.57
102900011032022,小皱皮(份),辣椒类,10:54:46.014,1.0,3.5,销售,否,2023-01-29,1.57
102900011032022,小皱皮(份),辣椒类,13:10:32.967,1.0,3.5,销售,否,2023-01-29,1.57
102900011032022,小皱皮(份),辣椒类,13:35:39.06,1.0,3.5,销售,否,2023-01-29,1.57
102900011032022,小皱皮(份),辣椒类,13:50:23.651,1.0,3.5,销售,否,2023-01-29,1.57
102900011032022,小皱皮(份),辣椒类,14:44:05.823,1.0,3.5,销售,否,2023-01-29,1.57
102900011032022,小皱皮(份),辣椒类,14:48:04.295,1.0,3.5,销售,否,2023-01-29,1.57
102900011032022,小皱皮(份),辣椒类,15:11:34.643,1.0,3.5,销售,否,2023-01-29,1.57
102900011032022,小皱皮(份),辣椒类,15:11:34.894,1.0,3.5,销售,否,2023-01-29,1.57
102900011032022,小皱皮(份),辣椒类,15:31:52.284,1.0,3.5,销售,否,2023-01-29,1.57
102900011032022,小皱皮(份),辣椒类,16:44:08.064,1.0,3.5,销售,否,2023-01-29,1.57
102900011032022,小皱皮(份),辣椒类,16:56:55.069,1.0,3.5,销售,否,2023-01-29,1.57
102900011032022,小皱皮(份),辣椒类,17:08:22.984,1.0,3.5,销售,否,2023-01-29,1.57
102900011032022,小皱皮(份),辣椒类,17:20:35.451,1.0,3.5,销售,否,2023-01-29,1.57
102900011032022,小皱皮(份),辣椒类,18:26:34.628,1.0,3.5,销售,否,2023-01-29,1.57
102900011032022,小皱皮(份),辣椒类,18:26:35.191,1.0,3.5,销售,否,2023-01-29,1.57
102900011032022,小皱皮(份),辣椒类,19:23:25.936,1.0,3.5,销售,否,2023-01-29,1.57
102900011032022,小皱皮(份),辣椒类,20:02:38.073,1.0,3.5,销售,否,2023-01-29,1.57
102900011032022,小皱皮(份),辣椒类,10:27:11.733,1.0,3.5,销售,否,2023-01-30,1.45
102900011032022,小皱皮(份),辣椒类,13:12:45.123,1.0,3.5,销售,否,2023-01-30,1.45
102900011032022,小皱皮(份),辣椒类,13:12:54.998,1.0,3.5,销售,否,2023-01-30,1.45
102900011032022,小皱皮(份),辣椒类,13:13:03.186,1.0,3.5,销售,否,2023-01-30,1.45
102900011032022,小皱皮(份),辣椒类,15:00:04.119,1.0,3.5,销售,否,2023-01-30,1.45
102900011032022,小皱皮(份),辣椒类,16:02:25.592,1.0,3.5,销售,否,2023-01-30,1.45
102900011032022,小皱皮(份),辣椒类,18:02:20.217,1.0,3.5,销售,否,2023-01-30,1.45
102900011032022,小皱皮(份),辣椒类,18:41:16.045,1.0,3.5,销售,否,2023-01-30,1.45
102900011032022,小皱皮(份),辣椒类,21:23:04.815,1.0,2.1,销售,是,2023-01-30,1.45
102900011032022,小皱皮(份),辣椒类,12:44:17.139,1.0,3.5,销售,否,2023-01-31,1.42
102900011032022,小皱皮(份),辣椒类,12:44:48.686,1.0,3.5,销售,否,2023-01-31,1.42
102900011032022,小皱皮(份),辣椒类,13:48:59.217,1.0,3.5,销售,否,2023-01-31,1.42
102900011032022,小皱皮(份),辣椒类,14:57:48.092,1.0,3.5,销售,否,2023-01-31,1.42
102900011032022,小皱皮(份),辣椒类,14:57:52.326,1.0,3.5,销售,否,2023-01-31,1.42
102900011032022,小皱皮(份),辣椒类,18:06:18.309,1.0,3.5,销售,否,2023-01-31,1.42
102900011032022,小皱皮(份),辣椒类,19:38:41.248,1.0,2.1,销售,是,2023-01-31,1.42
102900011032022,小皱皮(份),辣椒类,19:54:46.373,1.0,3.5,销售,否,2023-01-31,1.42
102900011032022,小皱皮(份),辣椒类,19:54:51.092,1.0,3.5,销售,否,2023-01-31,1.42
102900011032022,小皱皮(份),辣椒类,11:35:13.708,1.0,3.5,销售,否,2023-02-01,1.42
102900011032022,小皱皮(份),辣椒类,11:50:09.85,1.0,3.5,销售,否,2023-02-01,1.42
102900011032022,小皱皮(份),辣椒类,12:00:17.575,1.0,3.5,销售,否,2023-02-01,1.42
102900011032022,小皱皮(份),辣椒类,15:11:57.451,1.0,3.5,销售,否,2023-02-01,1.42
102900011032022,小皱皮(份),辣椒类,16:33:20.28,1.0,3.5,销售,否,2023-02-01,1.42
102900011032022,小皱皮(份),辣椒类,16:33:40.858,1.0,3.5,销售,否,2023-02-01,1.42
102900011032022,小皱皮(份),辣椒类,16:51:45.639,1.0,3.5,销售,否,2023-02-01,1.42
102900011032022,小皱皮(份),辣椒类,17:01:47.514,1.0,3.5,销售,否,2023-02-01,1.42
102900011032022,小皱皮(份),辣椒类,18:02:07.771,1.0,3.5,销售,否,2023-02-01,1.42
102900011032022,小皱皮(份),辣椒类,18:35:59.776,1.0,3.5,销售,否,2023-02-01,1.42
102900011032022,小皱皮(份),辣椒类,18:47:50.547,1.0,3.5,销售,否,2023-02-01,1.42
102900011032022,小皱皮(份),辣椒类,18:58:29.368,1.0,3.5,销售,否,2023-02-01,1.42
102900011032022,小皱皮(份),辣椒类,19:51:19.549,1.0,2.1,销售,是,2023-02-01,1.42
102900011032022,小皱皮(份),辣椒类,19:56:34.444,1.0,1.4,销售,是,2023-02-01,1.42
102900011032022,小皱皮(份),辣椒类,20:13:44.327,1.0,3.5,销售,否,2023-02-01,1.42
102900011032022,小皱皮(份),辣椒类,20:35:51.853,1.0,2.1,销售,是,2023-02-01,1.42
102900011032022,小皱皮(份),辣椒类,20:40:24.607,1.0,3.5,销售,否,2023-02-01,1.42
102900011032022,小皱皮(份),辣椒类,20:42:42.545,1.0,2.1,销售,是,2023-02-01,1.42
102900011032022,小皱皮(份),辣椒类,21:19:02.587,1.0,2.1,销售,是,2023-02-01,1.42
102900011032022,小皱皮(份),辣椒类,21:19:02.685,1.0,2.1,销售,是,2023-02-01,1.42
102900011032022,小皱皮(份),辣椒类,11:04:02.968,1.0,2.1,销售,是,2023-02-02,1.42
102900011032022,小皱皮(份),辣椒类,13:43:16.723,1.0,3.5,销售,否,2023-02-02,1.42
102900011032022,小皱皮(份),辣椒类,14:23:28.77,1.0,3.5,销售,否,2023-02-02,1.42
102900011032022,小皱皮(份),辣椒类,17:13:32.623,1.0,3.5,销售,否,2023-02-02,1.42
102900011032022,小皱皮(份),辣椒类,17:56:47.046,1.0,3.5,销售,否,2023-02-02,1.42
102900011032022,小皱皮(份),辣椒类,18:59:13.246,1.0,2.1,销售,是,2023-02-02,1.42
102900011032022,小皱皮(份),辣椒类,20:40:01.67,1.0,3.5,销售,否,2023-02-02,1.42
102900011032022,小皱皮(份),辣椒类,10:30:34.232,1.0,3.5,销售,否,2023-02-03,1.59
102900011032022,小皱皮(份),辣椒类,10:57:47.064,1.0,3.5,销售,否,2023-02-03,1.59
102900011032022,小皱皮(份),辣椒类,10:57:47.237,1.0,3.5,销售,否,2023-02-03,1.59
102900011032022,小皱皮(份),辣椒类,10:57:47.405,1.0,3.5,销售,否,2023-02-03,1.59
102900011032022,小皱皮(份),辣椒类,11:49:10.399,1.0,3.5,销售,否,2023-02-03,1.59
102900011032022,小皱皮(份),辣椒类,13:21:09.932,1.0,3.5,销售,否,2023-02-03,1.59
102900011032022,小皱皮(份),辣椒类,14:03:03.826,1.0,3.5,销售,否,2023-02-03,1.59
102900011032022,小皱皮(份),辣椒类,14:27:17.152,1.0,2.1,销售,是,2023-02-03,1.59
102900011032022,小皱皮(份),辣椒类,15:34:12.076,1.0,3.5,销售,否,2023-02-03,1.59
102900011032022,小皱皮(份),辣椒类,16:11:05.623,1.0,2.1,销售,是,2023-02-03,1.59
102900011032022,小皱皮(份),辣椒类,16:16:28.748,1.0,3.5,销售,否,2023-02-03,1.59
102900011032022,小皱皮(份),辣椒类,16:19:31.57,1.0,3.5,销售,否,2023-02-03,1.59
102900011032022,小皱皮(份),辣椒类,16:50:22.42,1.0,3.5,销售,否,2023-02-03,1.59
102900011032022,小皱皮(份),辣椒类,20:07:23.53,1.0,2.1,销售,是,2023-02-03,1.59
102900011032022,小皱皮(份),辣椒类,20:19:15.044,1.0,3.5,销售,否,2023-02-03,1.59
102900011032022,小皱皮(份),辣椒类,20:30:31.484,1.0,2.1,销售,是,2023-02-03,1.59
102900011032022,小皱皮(份),辣椒类,20:56:46.17,1.0,2.1,销售,是,2023-02-03,1.59
102900011032022,小皱皮(份),辣椒类,20:56:51.765,1.0,3.5,销售,否,2023-02-03,1.59
102900011032022,小皱皮(份),辣椒类,21:11:36.677,1.0,2.1,销售,是,2023-02-03,1.59
102900011032022,小皱皮(份),辣椒类,21:22:49.435,1.0,3.5,销售,否,2023-02-03,1.59
102900011032022,小皱皮(份),辣椒类,10:01:18.918,1.0,2.1,销售,是,2023-02-04,1.67
102900011032022,小皱皮(份),辣椒类,10:01:19.025,1.0,2.1,销售,是,2023-02-04,1.67
102900011032022,小皱皮(份),辣椒类,10:41:00.739,1.0,3.5,销售,否,2023-02-04,1.67
102900011032022,小皱皮(份),辣椒类,11:14:08.889,1.0,3.5,销售,否,2023-02-04,1.67
102900011032022,小皱皮(份),辣椒类,15:18:36.623,1.0,3.5,销售,否,2023-02-04,1.67
102900011032022,小皱皮(份),辣椒类,15:18:43.436,1.0,3.5,销售,否,2023-02-04,1.67
102900011032022,小皱皮(份),辣椒类,15:32:00.462,1.0,3.5,销售,否,2023-02-04,1.67
102900011032022,小皱皮(份),辣椒类,15:35:19.655,1.0,3.5,销售,否,2023-02-04,1.67
102900011032022,小皱皮(份),辣椒类,15:57:45.045,1.0,3.5,销售,否,2023-02-04,1.67
102900011032022,小皱皮(份),辣椒类,15:57:47.467,1.0,3.5,销售,否,2023-02-04,1.67
102900011032022,小皱皮(份),辣椒类,16:09:28.389,1.0,3.5,销售,否,2023-02-04,1.67
102900011032022,小皱皮(份),辣椒类,16:26:44.069,1.0,3.5,销售,否,2023-02-04,1.67
102900011032022,小皱皮(份),辣椒类,16:35:11.937,1.0,3.5,销售,否,2023-02-04,1.67
102900011032022,小皱皮(份),辣椒类,16:35:12.114,1.0,3.5,销售,否,2023-02-04,1.67
102900011032022,小皱皮(份),辣椒类,16:36:50.455,1.0,3.5,销售,否,2023-02-04,1.67
102900011032022,小皱皮(份),辣椒类,16:39:52.859,1.0,3.5,销售,否,2023-02-04,1.67
102900011032022,小皱皮(份),辣椒类,16:45:55.858,1.0,3.5,销售,否,2023-02-04,1.67
102900011032022,小皱皮(份),辣椒类,16:45:56.858,1.0,3.5,销售,否,2023-02-04,1.67
102900011032022,小皱皮(份),辣椒类,16:57:32.936,1.0,3.5,销售,否,2023-02-04,1.67
102900011032022,小皱皮(份),辣椒类,16:58:38.304,1.0,2.1,销售,是,2023-02-04,1.67
102900011032022,小皱皮(份),辣椒类,17:19:51.049,1.0,3.5,销售,否,2023-02-04,1.67
102900011032022,小皱皮(份),辣椒类,17:26:25.139,1.0,3.5,销售,否,2023-02-04,1.67
102900011032022,小皱皮(份),辣椒类,17:29:45.093,1.0,3.5,销售,否,2023-02-04,1.67
102900011032022,小皱皮(份),辣椒类,17:30:30.123,1.0,3.5,销售,否,2023-02-04,1.67
102900011032022,小皱皮(份),辣椒类,17:30:37.358,1.0,3.5,销售,否,2023-02-04,1.67
102900011032022,小皱皮(份),辣椒类,17:45:51.655,1.0,3.5,销售,否,2023-02-04,1.67
102900011032022,小皱皮(份),辣椒类,17:49:48.811,1.0,3.5,销售,否,2023-02-04,1.67
102900011032022,小皱皮(份),辣椒类,18:25:14.222,1.0,3.5,销售,否,2023-02-04,1.67
102900011032022,小皱皮(份),辣椒类,18:30:40.139,1.0,3.5,销售,否,2023-02-04,1.67
102900011032022,小皱皮(份),辣椒类,18:53:21.237,1.0,3.5,销售,否,2023-02-04,1.67
102900011032022,小皱皮(份),辣椒类,18:56:44.373,1.0,3.5,销售,否,2023-02-04,1.67
102900011032022,小皱皮(份),辣椒类,19:14:29.245,1.0,2.1,销售,是,2023-02-04,1.67
102900011032022,小皱皮(份),辣椒类,19:38:02.261,1.0,3.5,销售,否,2023-02-04,1.67
102900011032022,小皱皮(份),辣椒类,19:52:00.121,1.0,3.5,销售,否,2023-02-04,1.67
102900011032022,小皱皮(份),辣椒类,19:52:00.305,1.0,3.5,销售,否,2023-02-04,1.67
102900011032022,小皱皮(份),辣椒类,20:01:52.614,1.0,2.1,销售,是,2023-02-04,1.67
102900011032022,小皱皮(份),辣椒类,20:10:04.289,1.0,3.5,销售,否,2023-02-04,1.67
102900011032022,小皱皮(份),辣椒类,20:41:26.711,1.0,2.1,销售,是,2023-02-04,1.67
102900011032022,小皱皮(份),辣椒类,20:54:41.76,1.0,3.5,销售,否,2023-02-04,1.67
102900011032022,小皱皮(份),辣椒类,21:01:28.342,1.0,2.1,销售,是,2023-02-04,1.67
102900011032022,小皱皮(份),辣椒类,21:19:39.108,1.0,2.1,销售,是,2023-02-04,1.67
102900011032022,小皱皮(份),辣椒类,09:40:12.317,1.0,2.1,销售,是,2023-02-05,1.66
102900011032022,小皱皮(份),辣椒类,10:41:24.113,1.0,3.5,销售,否,2023-02-05,1.66
102900011032022,小皱皮(份),辣椒类,11:05:45.132,1.0,2.1,销售,是,2023-02-05,1.66
102900011032022,小皱皮(份),辣椒类,11:17:13.983,1.0,3.5,销售,否,2023-02-05,1.66
102900011032022,小皱皮(份),辣椒类,11:25:42.863,1.0,3.5,销售,否,2023-02-05,1.66
102900011032022,小皱皮(份),辣椒类,12:12:03.576,1.0,2.1,销售,是,2023-02-05,1.66
102900011032022,小皱皮(份),辣椒类,12:14:11.885,1.0,3.5,销售,否,2023-02-05,1.66
102900011032022,小皱皮(份),辣椒类,14:29:14.53,1.0,3.5,销售,否,2023-02-05,1.66
102900011032022,小皱皮(份),辣椒类,14:54:14.611,1.0,3.5,销售,否,2023-02-05,1.66
102900011032022,小皱皮(份),辣椒类,15:22:30.7,1.0,3.5,销售,否,2023-02-05,1.66
102900011032022,小皱皮(份),辣椒类,16:17:28.798,1.0,2.1,销售,是,2023-02-05,1.66
102900011032022,小皱皮(份),辣椒类,17:23:08.984,1.0,3.5,销售,否,2023-02-05,1.66
102900011032022,小皱皮(份),辣椒类,17:27:29.493,1.0,3.5,销售,否,2023-02-05,1.66
102900011032022,小皱皮(份),辣椒类,19:01:08.447,1.0,3.5,销售,否,2023-02-05,1.66
102900011032022,小皱皮(份),辣椒类,19:19:05.131,1.0,2.1,销售,是,2023-02-05,1.66
102900011032022,小皱皮(份),辣椒类,20:27:36.96,1.0,2.1,销售,是,2023-02-05,1.66
102900011032022,小皱皮(份),辣椒类,10:40:16.28,1.0,2.1,销售,是,2023-02-06,1.66
102900011032022,小皱皮(份),辣椒类,14:20:43.889,1.0,2.1,销售,是,2023-02-06,1.66
102900011032022,小皱皮(份),辣椒类,15:31:09.467,1.0,2.1,销售,是,2023-02-06,1.66
102900011032022,小皱皮(份),辣椒类,16:38:07.601,1.0,3.5,销售,否,2023-02-06,1.66
102900011032022,小皱皮(份),辣椒类,16:55:03.53,1.0,3.5,销售,否,2023-02-06,1.66
102900011032022,小皱皮(份),辣椒类,17:28:44.795,1.0,2.1,销售,是,2023-02-06,1.66
102900011032022,小皱皮(份),辣椒类,18:35:30.322,1.0,1.8,销售,是,2023-02-06,1.66
102900011032022,小皱皮(份),辣椒类,18:38:59.233,1.0,1.8,销售,是,2023-02-06,1.66
102900011032022,小皱皮(份),辣椒类,19:57:30.447,1.0,1.8,销售,是,2023-02-06,1.66
102900011032022,小皱皮(份),辣椒类,20:10:49.608,1.0,1.8,销售,是,2023-02-06,1.66
102900011032022,小皱皮(份),辣椒类,20:25:29.048,1.0,1.8,销售,是,2023-02-06,1.66
102900011032022,小皱皮(份),辣椒类,21:23:19.389,1.0,1.8,销售,是,2023-02-06,1.66
102900011032022,小皱皮(份),辣椒类,09:32:58.991,1.0,3.5,销售,否,2023-02-07,1.65
102900011032022,小皱皮(份),辣椒类,10:54:45.627,1.0,3.5,销售,否,2023-02-07,1.65
102900011032022,小皱皮(份),辣椒类,11:08:11.02,1.0,3.5,销售,否,2023-02-07,1.65
102900011032022,小皱皮(份),辣椒类,16:55:30.245,1.0,3.5,销售,否,2023-02-07,1.65
102900011032022,小皱皮(份),辣椒类,17:18:17.245,1.0,3.5,销售,否,2023-02-07,1.65
102900011032022,小皱皮(份),辣椒类,17:23:18.983,1.0,3.5,销售,否,2023-02-07,1.65
102900011032022,小皱皮(份),辣椒类,18:44:09.303,1.0,2.1,销售,是,2023-02-07,1.65
102900011032022,小皱皮(份),辣椒类,19:30:02.293,1.0,2.1,销售,是,2023-02-07,1.65
102900011032022,小皱皮(份),辣椒类,19:39:39.724,1.0,2.1,销售,是,2023-02-07,1.65
102900011032022,小皱皮(份),辣椒类,20:54:18.094,1.0,2.1,销售,是,2023-02-07,1.65
102900011032022,小皱皮(份),辣椒类,20:54:18.196,1.0,1.8,销售,是,2023-02-07,1.65
102900011032022,小皱皮(份),辣椒类,21:07:16.579,1.0,1.8,销售,是,2023-02-07,1.65
102900011032022,小皱皮(份),辣椒类,12:11:37.466,1.0,3.5,销售,否,2023-02-08,1.47
102900011032022,小皱皮(份),辣椒类,12:32:50.108,1.0,3.5,销售,否,2023-02-08,1.47
102900011032022,小皱皮(份),辣椒类,12:46:42.271,1.0,3.5,销售,否,2023-02-08,1.47
102900011032022,小皱皮(份),辣椒类,13:35:07.764,1.0,3.5,销售,否,2023-02-08,1.47
102900011032022,小皱皮(份),辣椒类,13:35:07.94,1.0,3.5,销售,否,2023-02-08,1.47
102900011032022,小皱皮(份),辣椒类,17:46:04.217,1.0,3.5,销售,否,2023-02-08,1.47
102900011032022,小皱皮(份),辣椒类,18:06:10.014,1.0,3.5,销售,否,2023-02-08,1.47
102900011032022,小皱皮(份),辣椒类,09:40:46.884,1.0,3.5,销售,否,2023-02-09,1.43
102900011032022,小皱皮(份),辣椒类,14:50:33.826,1.0,3.5,销售,否,2023-02-09,1.43
102900011032022,小皱皮(份),辣椒类,15:23:52.007,1.0,3.5,销售,否,2023-02-09,1.43
102900011032022,小皱皮(份),辣椒类,15:33:40.204,1.0,3.5,销售,否,2023-02-09,1.43
102900011032022,小皱皮(份),辣椒类,15:33:40.382,1.0,3.5,销售,否,2023-02-09,1.43
102900011032022,小皱皮(份),辣椒类,19:13:38.818,1.0,2.1,销售,是,2023-02-09,1.43
102900011032022,小皱皮(份),辣椒类,20:00:46.062,1.0,3.5,销售,否,2023-02-09,1.43
102900011032022,小皱皮(份),辣椒类,21:30:02.144,1.0,2.1,销售,是,2023-02-09,1.43
102900011032022,小皱皮(份),辣椒类,12:06:19.844,1.0,3.5,销售,否,2023-02-10,1.42
102900011032022,小皱皮(份),辣椒类,14:47:50.077,1.0,3.5,销售,否,2023-02-10,1.42
102900011032022,小皱皮(份),辣椒类,18:52:29.159,1.0,2.1,销售,是,2023-02-10,1.42
102900011032022,小皱皮(份),辣椒类,19:25:13.22,1.0,3.5,销售,否,2023-02-10,1.42
102900011032022,小皱皮(份),辣椒类,19:51:34.775,1.0,3.5,销售,否,2023-02-10,1.42
102900011032022,小皱皮(份),辣椒类,20:43:34.108,1.0,3.5,销售,否,2023-02-10,1.42
102900011032022,小皱皮(份),辣椒类,21:34:05.227,1.0,2.1,销售,是,2023-02-10,1.42
102900011032022,小皱皮(份),辣椒类,11:22:02.875,1.0,3.5,销售,否,2023-02-11,1.42
102900011032022,小皱皮(份),辣椒类,11:22:03.397,1.0,3.5,销售,否,2023-02-11,1.42
102900011032022,小皱皮(份),辣椒类,19:42:13.815,1.0,3.5,销售,否,2023-02-11,1.42
102900011032022,小皱皮(份),辣椒类,10:08:17.181,1.0,3.5,销售,否,2023-02-12,1.44
102900011032022,小皱皮(份),辣椒类,10:50:55.592,1.0,3.5,销售,否,2023-02-12,1.44
102900011032022,小皱皮(份),辣椒类,11:11:29.77,1.0,3.5,销售,否,2023-02-12,1.44
102900011032022,小皱皮(份),辣椒类,14:44:35.367,1.0,3.5,销售,否,2023-02-12,1.44
102900011032022,小皱皮(份),辣椒类,15:27:24.232,1.0,3.5,销售,否,2023-02-12,1.44
102900011032022,小皱皮(份),辣椒类,16:07:22.688,1.0,3.5,销售,否,2023-02-12,1.44
102900011032022,小皱皮(份),辣椒类,16:14:54.834,1.0,3.5,销售,否,2023-02-12,1.44
102900011032022,小皱皮(份),辣椒类,17:13:38.764,1.0,3.5,销售,否,2023-02-12,1.44
102900011032022,小皱皮(份),辣椒类,17:20:01.498,1.0,3.5,销售,否,2023-02-12,1.44
102900011032022,小皱皮(份),辣椒类,18:45:06.197,1.0,3.5,销售,否,2023-02-12,1.44
102900011032022,小皱皮(份),辣椒类,19:41:55.45,1.0,3.5,销售,否,2023-02-12,1.44
102900011032022,小皱皮(份),辣椒类,19:51:45.978,1.0,2.1,销售,是,2023-02-12,1.44
102900011032022,小皱皮(份),辣椒类,19:52:35.23,1.0,3.5,销售,否,2023-02-12,1.44
102900011032022,小皱皮(份),辣椒类,19:52:35.607,1.0,3.5,销售,否,2023-02-12,1.44
102900011032022,小皱皮(份),辣椒类,19:54:49.51,1.0,3.5,销售,否,2023-02-12,1.44
102900011032022,小皱皮(份),辣椒类,19:54:50.113,1.0,3.5,销售,否,2023-02-12,1.44
102900011032022,小皱皮(份),辣椒类,20:20:21.076,1.0,3.5,销售,否,2023-02-12,1.44
102900011032022,小皱皮(份),辣椒类,20:36:03.197,1.0,2.1,销售,是,2023-02-12,1.44
102900011032022,小皱皮(份),辣椒类,13:17:25.655,1.0,3.5,销售,否,2023-02-13,1.46
102900011032022,小皱皮(份),辣椒类,13:20:32.748,1.0,3.5,销售,否,2023-02-13,1.46
102900011032022,小皱皮(份),辣椒类,11:58:23.138,1.0,3.5,销售,否,2023-02-14,1.46
102900011032022,小皱皮(份),辣椒类,14:15:38.873,1.0,3.5,销售,否,2023-02-14,1.46
102900011032022,小皱皮(份),辣椒类,15:00:12.49,1.0,3.5,销售,否,2023-02-14,1.46
102900011032022,小皱皮(份),辣椒类,15:18:58.428,1.0,3.5,销售,否,2023-02-14,1.46
102900011032022,小皱皮(份),辣椒类,15:24:40.248,1.0,3.5,销售,否,2023-02-14,1.46
102900011032022,小皱皮(份),辣椒类,15:26:50.905,1.0,3.5,销售,否,2023-02-14,1.46
102900011032022,小皱皮(份),辣椒类,15:43:37.087,1.0,3.5,销售,否,2023-02-14,1.46
102900011032022,小皱皮(份),辣椒类,16:13:30.53,1.0,3.5,销售,否,2023-02-14,1.46
102900011032022,小皱皮(份),辣椒类,16:14:34.123,1.0,3.5,销售,否,2023-02-14,1.46
102900011032022,小皱皮(份),辣椒类,19:22:39.65,1.0,3.5,销售,否,2023-02-14,1.46
102900011032022,小皱皮(份),辣椒类,19:58:10.559,1.0,3.5,销售,否,2023-02-14,1.46
102900011032022,小皱皮(份),辣椒类,20:35:08.701,1.0,3.5,销售,否,2023-02-14,1.46
102900011032022,小皱皮(份),辣椒类,09:15:14.733,1.0,3.5,销售,否,2023-02-15,1.48
102900011032022,小皱皮(份),辣椒类,09:15:23.78,1.0,3.5,销售,否,2023-02-15,1.48
102900011032022,小皱皮(份),辣椒类,10:29:27.6,1.0,3.5,销售,否,2023-02-15,1.48
102900011032022,小皱皮(份),辣椒类,11:19:04.186,1.0,3.5,销售,否,2023-02-15,1.48
102900011032022,小皱皮(份),辣椒类,13:26:09.55,1.0,3.5,销售,否,2023-02-15,1.48
102900011032022,小皱皮(份),辣椒类,13:26:09.726,1.0,3.5,销售,否,2023-02-15,1.48
102900011032022,小皱皮(份),辣椒类,14:04:56.918,1.0,3.5,销售,否,2023-02-15,1.48
102900011032022,小皱皮(份),辣椒类,14:52:03.931,1.0,3.5,销售,否,2023-02-15,1.48
102900011032022,小皱皮(份),辣椒类,16:05:05.342,1.0,3.5,销售,否,2023-02-15,1.48
102900011032022,小皱皮(份),辣椒类,16:50:54.684,1.0,3.5,销售,否,2023-02-15,1.48
102900011032022,小皱皮(份),辣椒类,18:07:54.459,1.0,3.5,销售,否,2023-02-15,1.48
102900011032022,小皱皮(份),辣椒类,18:38:50.274,1.0,3.5,销售,否,2023-02-15,1.48
102900011032022,小皱皮(份),辣椒类,19:48:42.036,1.0,3.5,销售,否,2023-02-15,1.48
102900011032022,小皱皮(份),辣椒类,09:29:32.898,1.0,3.5,销售,否,2023-02-16,1.52
102900011032022,小皱皮(份),辣椒类,10:25:51.137,1.0,3.5,销售,否,2023-02-16,1.52
102900011032022,小皱皮(份),辣椒类,12:00:56.264,1.0,3.5,销售,否,2023-02-16,1.52
102900011032022,小皱皮(份),辣椒类,12:47:25.707,1.0,3.5,销售,否,2023-02-16,1.52
102900011032022,小皱皮(份),辣椒类,12:47:26.043,1.0,3.5,销售,否,2023-02-16,1.52
102900011032022,小皱皮(份),辣椒类,16:38:29.631,1.0,3.5,销售,否,2023-02-16,1.52
102900011032022,小皱皮(份),辣椒类,17:40:55.831,1.0,3.5,销售,否,2023-02-16,1.52
102900011032022,小皱皮(份),辣椒类,18:07:08.964,1.0,3.5,销售,否,2023-02-16,1.52
102900011032022,小皱皮(份),辣椒类,18:24:32.317,1.0,3.5,销售,否,2023-02-16,1.52
102900011032022,小皱皮(份),辣椒类,18:41:09.592,1.0,3.5,销售,否,2023-02-16,1.52
102900011032022,小皱皮(份),辣椒类,18:54:42.919,1.0,2.1,销售,是,2023-02-16,1.52
102900011032022,小皱皮(份),辣椒类,18:54:50.341,1.0,2.1,销售,是,2023-02-16,1.52
102900011032022,小皱皮(份),辣椒类,20:41:15.166,1.0,2.1,销售,是,2023-02-16,1.52
102900011032022,小皱皮(份),辣椒类,21:16:13.819,1.0,2.1,销售,是,2023-02-16,1.52
102900011032022,小皱皮(份),辣椒类,10:38:19.032,1.0,3.5,销售,否,2023-02-17,1.48
102900011032022,小皱皮(份),辣椒类,16:08:10.717,1.0,2.1,销售,是,2023-02-17,1.48
102900011032022,小皱皮(份),辣椒类,17:19:14.999,1.0,2.1,销售,是,2023-02-17,1.48
102900011032022,小皱皮(份),辣椒类,18:23:22.464,1.0,3.5,销售,否,2023-02-17,1.48
102900011032022,小皱皮(份),辣椒类,18:23:22.635,1.0,3.5,销售,否,2023-02-17,1.48
102900011032022,小皱皮(份),辣椒类,18:23:59.608,1.0,3.5,销售,否,2023-02-17,1.48
102900011032022,小皱皮(份),辣椒类,19:41:05.483,1.0,2.1,销售,是,2023-02-17,1.48
102900011032022,小皱皮(份),辣椒类,19:50:22.925,1.0,3.5,销售,否,2023-02-17,1.48
102900011032022,小皱皮(份),辣椒类,20:15:13.113,1.0,3.5,销售,否,2023-02-17,1.48
102900011032022,小皱皮(份),辣椒类,20:22:15.109,1.0,3.5,销售,否,2023-02-17,1.48
102900011032022,小皱皮(份),辣椒类,20:30:00.915,1.0,2.1,销售,是,2023-02-17,1.48
102900011032022,小皱皮(份),辣椒类,10:45:53.139,1.0,3.5,销售,否,2023-02-18,1.45
102900011032022,小皱皮(份),辣椒类,11:10:20.811,1.0,3.5,销售,否,2023-02-18,1.45
102900011032022,小皱皮(份),辣椒类,12:15:43.313,1.0,3.5,销售,否,2023-02-18,1.45
102900011032022,小皱皮(份),辣椒类,16:04:54.277,1.0,3.5,销售,否,2023-02-18,1.45
102900011032022,小皱皮(份),辣椒类,17:01:58.736,1.0,3.5,销售,否,2023-02-18,1.45
102900011032022,小皱皮(份),辣椒类,17:07:07.527,1.0,3.5,销售,否,2023-02-18,1.45
102900011032022,小皱皮(份),辣椒类,18:19:15.871,1.0,3.5,销售,否,2023-02-18,1.45
102900011032022,小皱皮(份),辣椒类,19:49:38.452,1.0,3.5,销售,否,2023-02-18,1.45
102900011032022,小皱皮(份),辣椒类,20:27:51.168,1.0,3.5,销售,否,2023-02-18,1.45
102900011032022,小皱皮(份),辣椒类,20:34:11.935,1.0,3.5,销售,否,2023-02-18,1.45
102900011032022,小皱皮(份),辣椒类,20:34:12.211,1.0,3.5,销售,否,2023-02-18,1.45
102900011032022,小皱皮(份),辣椒类,20:53:28.233,1.0,3.5,销售,否,2023-02-18,1.45
102900011032022,小皱皮(份),辣椒类,21:05:13.843,1.0,3.5,销售,否,2023-02-18,1.45
102900011032022,小皱皮(份),辣椒类,11:50:36.222,1.0,3.5,销售,否,2023-02-19,1.39
102900011032022,小皱皮(份),辣椒类,14:15:11.733,1.0,3.5,销售,否,2023-02-19,1.39
102900011032022,小皱皮(份),辣椒类,16:00:24.653,1.0,3.5,销售,否,2023-02-19,1.39
102900011032022,小皱皮(份),辣椒类,16:35:57.147,1.0,3.5,销售,否,2023-02-19,1.39
102900011032022,小皱皮(份),辣椒类,16:40:52.443,1.0,3.5,销售,否,2023-02-19,1.39
102900011032022,小皱皮(份),辣椒类,17:22:00.186,1.0,3.5,销售,否,2023-02-19,1.39
102900011032022,小皱皮(份),辣椒类,17:27:59.306,1.0,3.5,销售,否,2023-02-19,1.39
102900011032022,小皱皮(份),辣椒类,17:36:02.123,1.0,3.5,销售,否,2023-02-19,1.39
102900011032022,小皱皮(份),辣椒类,17:43:11.576,1.0,3.5,销售,否,2023-02-19,1.39
102900011032022,小皱皮(份),辣椒类,17:45:42.295,1.0,3.5,销售,否,2023-02-19,1.39
102900011032022,小皱皮(份),辣椒类,17:48:37.108,1.0,3.5,销售,否,2023-02-19,1.39
102900011032022,小皱皮(份),辣椒类,18:29:52.544,1.0,3.5,销售,否,2023-02-19,1.39
102900011032022,小皱皮(份),辣椒类,18:56:54.108,1.0,3.5,销售,否,2023-02-19,1.39
102900011032022,小皱皮(份),辣椒类,21:08:47.295,1.0,2.1,销售,是,2023-02-19,1.39
102900011032022,小皱皮(份),辣椒类,12:32:12.78,1.0,3.5,销售,否,2023-02-20,1.42
102900011032022,小皱皮(份),辣椒类,16:15:14.921,1.0,2.1,销售,是,2023-02-20,1.42
102900011032022,小皱皮(份),辣椒类,17:19:40.07,1.0,2.1,销售,是,2023-02-20,1.42
102900011032022,小皱皮(份),辣椒类,17:45:54.357,1.0,3.5,销售,否,2023-02-20,1.42
102900011032022,小皱皮(份),辣椒类,10:06:56.861,1.0,3.5,销售,否,2023-02-21,1.42
102900011032022,小皱皮(份),辣椒类,10:11:47.53,1.0,2.1,销售,是,2023-02-21,1.42
102900011032022,小皱皮(份),辣椒类,10:42:11.233,1.0,2.1,销售,是,2023-02-21,1.42
102900011032022,小皱皮(份),辣椒类,10:43:49.427,1.0,3.5,销售,否,2023-02-21,1.42
102900011032022,小皱皮(份),辣椒类,17:55:21.248,1.0,3.5,销售,否,2023-02-21,1.42
102900011032022,小皱皮(份),辣椒类,18:58:13.136,1.0,1.8,销售,是,2023-02-21,1.42
102900011032022,小皱皮(份),辣椒类,09:52:01.342,1.0,1.8,销售,是,2023-02-22,2.11
102900011032022,小皱皮(份),辣椒类,09:52:03.639,1.0,3.5,销售,否,2023-02-22,2.11
102900011032022,小皱皮(份),辣椒类,12:02:41.796,1.0,1.8,销售,是,2023-02-22,2.11
102900011032022,小皱皮(份),辣椒类,10:51:46.049,1.0,4.5,销售,否,2023-02-23,2.68
102900011032022,小皱皮(份),辣椒类,13:13:16.074,1.0,4.5,销售,否,2023-02-23,2.68
102900011032022,小皱皮(份),辣椒类,15:14:40.216,1.0,4.5,销售,否,2023-02-23,2.68
102900011032022,小皱皮(份),辣椒类,15:47:35.733,1.0,4.5,销售,否,2023-02-23,2.68
102900011032022,小皱皮(份),辣椒类,16:25:44.394,1.0,4.5,销售,否,2023-02-23,2.68
102900011032022,小皱皮(份),辣椒类,16:32:30.217,1.0,4.5,销售,否,2023-02-23,2.68
102900011032022,小皱皮(份),辣椒类,17:26:02.254,1.0,4.5,销售,否,2023-02-23,2.68
102900011032022,小皱皮(份),辣椒类,19:55:11.682,1.0,4.5,销售,否,2023-02-23,2.68
102900011032022,小皱皮(份),辣椒类,09:52:04.993,1.0,4.5,销售,否,2023-02-24,2.68
102900011032022,小皱皮(份),辣椒类,10:06:03.596,1.0,4.5,销售,否,2023-02-24,2.68
102900011032022,小皱皮(份),辣椒类,10:10:26.826,1.0,4.5,销售,否,2023-02-24,2.68
102900011032022,小皱皮(份),辣椒类,10:10:28.78,1.0,4.5,销售,否,2023-02-24,2.68
102900011032022,小皱皮(份),辣椒类,14:23:05.244,1.0,4.5,销售,否,2023-02-24,2.68
102900011032022,小皱皮(份),辣椒类,15:33:40.326,1.0,4.5,销售,否,2023-02-24,2.68
102900011032022,小皱皮(份),辣椒类,18:35:17.859,1.0,4.5,销售,否,2023-02-24,2.68
102900011032022,小皱皮(份),辣椒类,19:15:56.17,1.0,4.5,销售,否,2023-02-24,2.68
102900011032022,小皱皮(份),辣椒类,10:14:16.686,1.0,4.5,销售,否,2023-02-25,2.85
102900011032022,小皱皮(份),辣椒类,10:14:18.655,1.0,4.5,销售,否,2023-02-25,2.85
102900011032022,小皱皮(份),辣椒类,10:14:20.592,1.0,4.5,销售,否,2023-02-25,2.85
102900011032022,小皱皮(份),辣椒类,10:37:16.154,1.0,4.5,销售,否,2023-02-25,2.85
102900011032022,小皱皮(份),辣椒类,11:05:32.623,1.0,4.5,销售,否,2023-02-25,2.85
102900011032022,小皱皮(份),辣椒类,11:05:34.748,1.0,4.5,销售,否,2023-02-25,2.85
102900011032022,小皱皮(份),辣椒类,12:07:43.373,1.0,4.5,销售,否,2023-02-25,2.85
102900011032022,小皱皮(份),辣椒类,12:19:39.217,1.0,4.5,销售,否,2023-02-25,2.85
102900011032022,小皱皮(份),辣椒类,12:19:48.951,1.0,4.5,销售,否,2023-02-25,2.85
102900011032022,小皱皮(份),辣椒类,16:11:05.155,1.0,4.5,销售,否,2023-02-25,2.85
102900011032022,小皱皮(份),辣椒类,17:12:19.561,1.0,4.5,销售,否,2023-02-25,2.85
102900011032022,小皱皮(份),辣椒类,17:12:48.377,1.0,4.5,销售,否,2023-02-25,2.85
102900011032022,小皱皮(份),辣椒类,17:44:34.597,1.0,4.5,销售,否,2023-02-25,2.85
102900011032022,小皱皮(份),辣椒类,18:21:12.717,1.0,4.5,销售,否,2023-02-25,2.85
102900011032022,小皱皮(份),辣椒类,18:21:14.686,1.0,4.5,销售,否,2023-02-25,2.85
102900011032022,小皱皮(份),辣椒类,18:21:16.326,1.0,4.5,销售,否,2023-02-25,2.85
102900011032022,小皱皮(份),辣椒类,19:02:54.768,1.0,4.5,销售,否,2023-02-25,2.85
102900011032022,小皱皮(份),辣椒类,21:02:19.645,1.0,4.5,销售,否,2023-02-25,2.85
102900011032022,小皱皮(份),辣椒类,10:57:14.716,1.0,4.5,销售,否,2023-02-26,2.9
102900011032022,小皱皮(份),辣椒类,10:57:40.045,1.0,4.5,销售,否,2023-02-26,2.9
102900011032022,小皱皮(份),辣椒类,11:09:43.576,1.0,4.5,销售,否,2023-02-26,2.9
102900011032022,小皱皮(份),辣椒类,11:19:56.627,1.0,4.5,销售,否,2023-02-26,2.9
102900011032022,小皱皮(份),辣椒类,13:00:28.351,1.0,4.5,销售,否,2023-02-26,2.9
102900011032022,小皱皮(份),辣椒类,15:09:31.625,1.0,4.5,销售,否,2023-02-26,2.9
102900011032022,小皱皮(份),辣椒类,17:47:36.186,1.0,4.5,销售,否,2023-02-26,2.9
102900011032022,小皱皮(份),辣椒类,18:32:00.501,1.0,3.2,销售,是,2023-02-26,2.9
102900011032022,小皱皮(份),辣椒类,11:16:48.483,1.0,4.5,销售,否,2023-02-27,2.9
102900011032022,小皱皮(份),辣椒类,14:50:49.608,1.0,4.5,销售,否,2023-02-27,2.9
102900011032022,小皱皮(份),辣椒类,15:09:12.858,1.0,2.7,销售,是,2023-02-27,2.9
102900011032022,小皱皮(份),辣椒类,15:44:53.426,1.0,4.5,销售,否,2023-02-27,2.9
102900011032022,小皱皮(份),辣椒类,18:13:15.951,1.0,4.5,销售,否,2023-02-27,2.9
102900011032022,小皱皮(份),辣椒类,20:14:27.6,1.0,2.7,销售,是,2023-02-27,2.9
102900011032022,小皱皮(份),辣椒类,20:19:26.908,1.0,2.7,销售,是,2023-02-27,2.9
102900011032022,小皱皮(份),辣椒类,20:50:07.68,1.0,4.5,销售,否,2023-02-27,2.9
102900011032022,小皱皮(份),辣椒类,10:22:56.156,1.0,4.5,销售,否,2023-02-28,2.83
102900011032022,小皱皮(份),辣椒类,14:48:19.153,1.0,2.7,销售,是,2023-02-28,2.83
102900011032022,小皱皮(份),辣椒类,18:25:31.436,1.0,4.5,销售,否,2023-02-28,2.83
102900011032022,小皱皮(份),辣椒类,18:48:12.107,1.0,4.5,销售,否,2023-02-28,2.83
102900011032022,小皱皮(份),辣椒类,12:10:32.405,1.0,4.5,销售,否,2023-03-01,2.64
102900011032022,小皱皮(份),辣椒类,13:08:44.746,1.0,4.5,销售,否,2023-03-01,2.64
102900011032022,小皱皮(份),辣椒类,14:00:53.318,1.0,4.5,销售,否,2023-03-01,2.64
102900011032022,小皱皮(份),辣椒类,14:59:48.548,1.0,4.5,销售,否,2023-03-01,2.64
102900011032022,小皱皮(份),辣椒类,15:43:24.05,1.0,4.5,销售,否,2023-03-01,2.64
102900011032022,小皱皮(份),辣椒类,15:47:53.847,1.0,4.5,销售,否,2023-03-01,2.64
102900011032022,小皱皮(份),辣椒类,20:09:29.617,1.0,2.7,销售,是,2023-03-01,2.64
102900011032022,小皱皮(份),辣椒类,20:09:29.728,1.0,2.7,销售,是,2023-03-01,2.64
102900011032022,小皱皮(份),辣椒类,20:40:33.04,1.0,2.7,销售,是,2023-03-01,2.64
102900011032022,小皱皮(份),辣椒类,21:21:06.342,1.0,2.7,销售,是,2023-03-01,2.64
102900011032022,小皱皮(份),辣椒类,09:29:35.134,1.0,4.5,销售,否,2023-03-02,2.64
102900011032022,小皱皮(份),辣椒类,09:55:48.748,1.0,4.5,销售,否,2023-03-02,2.64
102900011032022,小皱皮(份),辣椒类,10:04:50.762,1.0,4.5,销售,否,2023-03-02,2.64
102900011032022,小皱皮(份),辣椒类,12:18:44.67,1.0,2.7,销售,是,2023-03-02,2.64
102900011032022,小皱皮(份),辣椒类,18:35:56.858,1.0,4.5,销售,否,2023-03-02,2.64
102900011032022,小皱皮(份),辣椒类,18:44:58.748,1.0,4.5,销售,否,2023-03-02,2.64
102900011032022,小皱皮(份),辣椒类,19:22:12.232,1.0,2.7,销售,是,2023-03-02,2.64
102900011032022,小皱皮(份),辣椒类,19:22:12.329,1.0,2.7,销售,是,2023-03-02,2.64
102900011032022,小皱皮(份),辣椒类,19:25:54.24,1.0,4.5,销售,否,2023-03-02,2.64
102900011032022,小皱皮(份),辣椒类,09:34:36.16,1.0,4.5,销售,否,2023-03-03,2.92
102900011032022,小皱皮(份),辣椒类,12:54:32.811,1.0,4.5,销售,否,2023-03-03,2.92
102900011032022,小皱皮(份),辣椒类,16:27:37.168,1.0,4.5,销售,否,2023-03-03,2.92
102900011032022,小皱皮(份),辣椒类,18:05:55.826,1.0,4.5,销售,否,2023-03-03,2.92
102900011032022,小皱皮(份),辣椒类,19:21:11.043,1.0,2.7,销售,是,2023-03-03,2.92
102900011032022,小皱皮(份),辣椒类,20:29:32.373,1.0,4.5,销售,否,2023-03-03,2.92
102900011032022,小皱皮(份),辣椒类,20:52:52.521,1.0,2.7,销售,是,2023-03-03,2.92
102900011032022,小皱皮(份),辣椒类,10:08:30.561,1.0,4.5,销售,否,2023-03-04,2.99
102900011032022,小皱皮(份),辣椒类,10:29:42.526,1.0,4.5,销售,否,2023-03-04,2.99
102900011032022,小皱皮(份),辣椒类,11:27:43.186,1.0,4.5,销售,否,2023-03-04,2.99
102900011032022,小皱皮(份),辣椒类,11:51:30.407,1.0,4.5,销售,否,2023-03-04,2.99
102900011032022,小皱皮(份),辣椒类,14:31:31.732,1.0,2.7,销售,是,2023-03-04,2.99
102900011032022,小皱皮(份),辣椒类,15:57:24.043,1.0,4.5,销售,否,2023-03-04,2.99
102900011032022,小皱皮(份),辣椒类,16:08:59.434,1.0,2.7,销售,是,2023-03-04,2.99
102900011032022,小皱皮(份),辣椒类,18:17:18.164,1.0,4.5,销售,否,2023-03-04,2.99
102900011032022,小皱皮(份),辣椒类,19:32:56.869,1.0,4.5,销售,否,2023-03-04,2.99
102900011032022,小皱皮(份),辣椒类,20:04:26.608,1.0,4.5,销售,否,2023-03-04,2.99
102900011032022,小皱皮(份),辣椒类,21:19:41.054,1.0,4.5,销售,否,2023-03-04,2.99
102900011032022,小皱皮(份),辣椒类,21:19:42.179,1.0,4.5,销售,否,2023-03-04,2.99
102900011032022,小皱皮(份),辣椒类,21:26:48.905,1.0,4.5,销售,否,2023-03-04,2.99
102900011032022,小皱皮(份),辣椒类,21:26:53.17,1.0,4.5,销售,否,2023-03-04,2.99
102900011032022,小皱皮(份),辣椒类,21:26:55.076,1.0,4.5,销售,否,2023-03-04,2.99
102900011032022,小皱皮(份),辣椒类,21:27:02.686,1.0,4.5,销售,否,2023-03-04,2.99
102900011032022,小皱皮(份),辣椒类,21:31:38.289,1.0,2.7,销售,是,2023-03-04,2.99
102900011032022,小皱皮(份),辣椒类,10:42:56.569,1.0,4.5,销售,否,2023-03-05,2.85
102900011032022,小皱皮(份),辣椒类,11:14:02.061,1.0,2.7,销售,是,2023-03-05,2.85
102900011032022,小皱皮(份),辣椒类,11:29:03.006,1.0,4.5,销售,否,2023-03-05,2.85
102900011032022,小皱皮(份),辣椒类,12:24:57.606,1.0,4.5,销售,否,2023-03-05,2.85
102900011032022,小皱皮(份),辣椒类,13:37:29.704,1.0,2.7,销售,是,2023-03-05,2.85
102900011032022,小皱皮(份),辣椒类,14:41:34.997,1.0,4.5,销售,否,2023-03-05,2.85
102900011032022,小皱皮(份),辣椒类,15:27:34.238,1.0,4.5,销售,否,2023-03-05,2.85
102900011032022,小皱皮(份),辣椒类,11:29:27.405,1.0,4.5,销售,否,2023-03-06,2.5
102900011032022,小皱皮(份),辣椒类,14:48:38.958,1.0,2.3,销售,是,2023-03-06,2.5
102900011032022,小皱皮(份),辣椒类,14:48:39.066,1.0,2.7,销售,是,2023-03-06,2.5
102900011032022,小皱皮(份),辣椒类,15:39:06.225,1.0,4.5,销售,否,2023-03-06,2.5
102900011032022,小皱皮(份),辣椒类,17:17:46.163,1.0,2.7,销售,是,2023-03-06,2.5
102900011032022,小皱皮(份),辣椒类,19:17:54.14,1.0,4.5,销售,否,2023-03-06,2.5
102900011032022,小皱皮(份),辣椒类,19:32:03.157,1.0,2.7,销售,是,2023-03-06,2.5
102900011032022,小皱皮(份),辣椒类,21:14:55.295,1.0,2.7,销售,是,2023-03-06,2.5
102900011032022,小皱皮(份),辣椒类,21:41:44.015,1.0,2.7,销售,是,2023-03-06,2.5
102900011032022,小皱皮(份),辣椒类,10:33:01.639,1.0,4.5,销售,否,2023-03-07,2.33
102900011032022,小皱皮(份),辣椒类,10:33:10.826,1.0,4.5,销售,否,2023-03-07,2.33
102900011032022,小皱皮(份),辣椒类,10:57:35.826,1.0,4.5,销售,否,2023-03-07,2.33
102900011032022,小皱皮(份),辣椒类,13:33:42.123,1.0,4.5,销售,否,2023-03-07,2.33
102900011032022,小皱皮(份),辣椒类,17:57:28.155,1.0,4.5,销售,否,2023-03-07,2.33
102900011032022,小皱皮(份),辣椒类,18:07:22.525,1.0,4.5,销售,否,2023-03-07,2.33
102900011032022,小皱皮(份),辣椒类,19:04:06.405,1.0,4.5,销售,否,2023-03-07,2.33
102900011032022,小皱皮(份),辣椒类,15:46:22.556,1.0,4.5,销售,否,2023-03-08,2.27
102900011032022,小皱皮(份),辣椒类,15:46:22.741,1.0,4.5,销售,否,2023-03-08,2.27
102900011032022,小皱皮(份),辣椒类,15:47:35.536,1.0,4.5,销售,否,2023-03-08,2.27
102900011032022,小皱皮(份),辣椒类,16:20:11.499,1.0,4.5,销售,否,2023-03-08,2.27
102900011032022,小皱皮(份),辣椒类,19:52:05.453,1.0,4.5,销售,否,2023-03-08,2.27
102900011032022,小皱皮(份),辣椒类,19:52:05.622,1.0,4.5,销售,否,2023-03-08,2.27
102900011032022,小皱皮(份),辣椒类,19:52:05.791,1.0,4.5,销售,否,2023-03-08,2.27
102900011032022,小皱皮(份),辣椒类,21:02:07.751,1.0,2.7,销售,是,2023-03-08,2.27
102900011032022,小皱皮(份),辣椒类,21:02:07.872,1.0,2.7,销售,是,2023-03-08,2.27
102900011032022,小皱皮(份),辣椒类,09:42:15.733,1.0,2.7,销售,是,2023-03-09,2.27
102900011032022,小皱皮(份),辣椒类,12:34:53.746,1.0,2.7,销售,是,2023-03-09,2.27
102900011032022,小皱皮(份),辣椒类,14:34:05.78,1.0,4.5,销售,否,2023-03-09,2.27
102900011032022,小皱皮(份),辣椒类,16:43:54.234,1.0,3.2,销售,是,2023-03-09,2.27
102900011032022,小皱皮(份),辣椒类,16:43:54.344,1.0,3.2,销售,是,2023-03-09,2.27
102900011032022,小皱皮(份),辣椒类,18:25:45.873,1.0,3.2,销售,是,2023-03-09,2.27
102900011032022,小皱皮(份),辣椒类,10:03:18.53,1.0,3.2,销售,是,2023-03-10,2.27
102900011032022,小皱皮(份),辣椒类,10:03:20.123,1.0,4.5,销售,否,2023-03-10,2.27
102900011032022,小皱皮(份),辣椒类,10:03:21.78,1.0,4.5,销售,否,2023-03-10,2.27
102900011032022,小皱皮(份),辣椒类,10:45:35.453,1.0,3.2,销售,是,2023-03-10,2.27
102900011032022,小皱皮(份),辣椒类,19:27:39.1,1.0,3.2,销售,是,2023-03-10,2.27
102900011032022,小皱皮(份),辣椒类,20:22:24.467,1.0,3.2,销售,是,2023-03-10,2.27
102900011032022,小皱皮(份),辣椒类,20:29:27.821,1.0,2.7,销售,是,2023-03-10,2.27
102900011032022,小皱皮(份),辣椒类,09:31:43.076,1.0,4.5,销售,否,2023-03-11,2.44
102900011032022,小皱皮(份),辣椒类,10:45:21.96,1.0,4.5,销售,否,2023-03-11,2.44
102900011032022,小皱皮(份),辣椒类,10:55:55.444,1.0,4.5,销售,否,2023-03-11,2.44
102900011032022,小皱皮(份),辣椒类,14:07:42.826,1.0,4.5,销售,否,2023-03-11,2.44
102900011032022,小皱皮(份),辣椒类,17:04:38.217,1.0,4.5,销售,否,2023-03-11,2.44
102900011032022,小皱皮(份),辣椒类,17:59:12.155,1.0,4.5,销售,否,2023-03-11,2.44
102900011032022,小皱皮(份),辣椒类,18:21:07.764,1.0,3.2,销售,是,2023-03-11,2.44
102900011032022,小皱皮(份),辣椒类,18:46:44.123,1.0,4.5,销售,否,2023-03-11,2.44
102900011032022,小皱皮(份),辣椒类,18:49:52.248,1.0,4.5,销售,否,2023-03-11,2.44
102900011032022,小皱皮(份),辣椒类,18:49:54.498,1.0,4.5,销售,否,2023-03-11,2.44
102900011032022,小皱皮(份),辣椒类,18:50:44.451,1.0,4.5,销售,否,2023-03-11,2.44
102900011032022,小皱皮(份),辣椒类,21:10:06.985,1.0,2.7,销售,是,2023-03-11,2.44
102900011032022,小皱皮(份),辣椒类,21:10:07.094,1.0,3.2,销售,是,2023-03-11,2.44
102900011032022,小皱皮(份),辣椒类,21:10:07.209,1.0,2.7,销售,是,2023-03-11,2.44
102900011032022,小皱皮(份),辣椒类,10:56:13.779,1.0,5.9,销售,否,2023-03-12,2.77
102900011032022,小皱皮(份),辣椒类,10:56:14.194,1.0,5.9,销售,否,2023-03-12,2.77
102900011032022,小皱皮(份),辣椒类,11:03:40.295,1.0,5.9,销售,否,2023-03-12,2.77
102900011032022,小皱皮(份),辣椒类,11:41:57.014,1.0,5.9,销售,否,2023-03-12,2.77
102900011032022,小皱皮(份),辣椒类,11:41:58.748,1.0,5.9,销售,否,2023-03-12,2.77
102900011032022,小皱皮(份),辣椒类,12:16:13.149,1.0,5.9,销售,否,2023-03-12,2.77
102900011032022,小皱皮(份),辣椒类,14:47:39.17,1.0,5.9,销售,否,2023-03-12,2.77
102900011032022,小皱皮(份),辣椒类,15:11:23.03,1.0,5.9,销售,否,2023-03-12,2.77
102900011032022,小皱皮(份),辣椒类,17:15:49.329,1.0,5.9,销售,否,2023-03-12,2.77
102900011032022,小皱皮(份),辣椒类,17:19:43.623,1.0,5.9,销售,否,2023-03-12,2.77
102900011032022,小皱皮(份),辣椒类,17:48:17.842,1.0,5.9,销售,否,2023-03-12,2.77
102900011032022,小皱皮(份),辣椒类,19:46:43.401,1.0,5.9,销售,否,2023-03-12,2.77
102900011032022,小皱皮(份),辣椒类,20:27:43.405,1.0,5.9,销售,否,2023-03-12,2.77
102900011032022,小皱皮(份),辣椒类,21:02:37.123,1.0,3.0,销售,是,2023-03-12,2.77
102900011032022,小皱皮(份),辣椒类,18:24:43.775,1.0,5.9,销售,否,2023-03-13,2.88
102900011032022,小皱皮(份),辣椒类,18:24:43.971,1.0,5.9,销售,否,2023-03-13,2.88
102900011032022,小皱皮(份),辣椒类,12:01:26.687,1.0,3.5,销售,是,2023-03-14,2.69
102900011032022,小皱皮(份),辣椒类,12:01:26.812,1.0,3.5,销售,是,2023-03-14,2.69
102900011032022,小皱皮(份),辣椒类,14:38:03.772,1.0,3.5,销售,是,2023-03-14,2.69
102900011032022,小皱皮(份),辣椒类,15:12:00.644,1.0,3.0,销售,是,2023-03-14,2.69
102900011032022,小皱皮(份),辣椒类,16:49:25.858,1.0,5.9,销售,否,2023-03-14,2.69
102900011032022,小皱皮(份),辣椒类,10:22:25.28,1.0,5.9,销售,否,2023-03-15,2.64
102900011032022,小皱皮(份),辣椒类,12:02:29.467,1.0,5.9,销售,否,2023-03-15,2.64
102900011032022,小皱皮(份),辣椒类,17:35:19.304,1.0,5.9,销售,否,2023-03-15,2.64
102900011032022,小皱皮(份),辣椒类,18:09:47.983,1.0,5.9,销售,否,2023-03-15,2.64
102900011032022,小皱皮(份),辣椒类,18:09:50.483,1.0,5.9,销售,否,2023-03-15,2.64
102900011032022,小皱皮(份),辣椒类,20:18:40.551,1.0,5.9,销售,否,2023-03-15,2.64
102900011032022,小皱皮(份),辣椒类,20:25:18.445,1.0,5.9,销售,否,2023-03-15,2.64
102900011032022,小皱皮(份),辣椒类,11:17:29.287,1.0,5.9,销售,否,2023-03-16,2.64
102900011032022,小皱皮(份),辣椒类,11:59:42.592,1.0,5.9,销售,否,2023-03-16,2.64
102900011032022,小皱皮(份),辣椒类,13:20:20.733,1.0,5.9,销售,否,2023-03-16,2.64
102900011032022,小皱皮(份),辣椒类,15:40:21.624,1.0,5.9,销售,否,2023-03-16,2.64
102900011032022,小皱皮(份),辣椒类,17:12:34.889,1.0,5.9,销售,否,2023-03-16,2.64
102900011032022,小皱皮(份),辣椒类,18:02:08.463,1.0,5.9,销售,否,2023-03-16,2.64
102900011032022,小皱皮(份),辣椒类,18:02:31.713,1.0,5.9,销售,否,2023-03-16,2.64
102900011032022,小皱皮(份),辣椒类,18:02:38.807,1.0,5.9,销售,否,2023-03-16,2.64
102900011032022,小皱皮(份),辣椒类,18:19:57.163,1.0,5.9,销售,否,2023-03-16,2.64
102900011032022,小皱皮(份),辣椒类,10:09:53.205,1.0,5.9,销售,否,2023-03-17,2.64
102900011032022,小皱皮(份),辣椒类,20:40:40.712,1.0,5.9,销售,否,2023-03-17,2.64
102900011032022,小皱皮(份),辣椒类,09:34:18.858,1.0,3.5,销售,是,2023-03-18,2.88
102900011032022,小皱皮(份),辣椒类,09:54:43.47,1.0,5.9,销售,否,2023-03-18,2.88
102900011032022,小皱皮(份),辣椒类,14:56:48.906,1.0,3.5,销售,是,2023-03-18,2.88
102900011032022,小皱皮(份),辣椒类,17:01:26.594,1.0,5.9,销售,否,2023-03-18,2.88
102900011032022,小皱皮(份),辣椒类,18:19:49.092,1.0,5.9,销售,否,2023-03-18,2.88
102900011032022,小皱皮(份),辣椒类,19:40:26.078,1.0,5.9,销售,否,2023-03-18,2.88
102900011032022,小皱皮(份),辣椒类,21:33:51.097,1.0,3.5,销售,是,2023-03-18,2.88
102900011032022,小皱皮(份),辣椒类,09:37:37.967,1.0,5.9,销售,否,2023-03-19,3.0
102900011032022,小皱皮(份),辣椒类,11:00:12.715,1.0,5.9,销售,否,2023-03-19,3.0
102900011032022,小皱皮(份),辣椒类,13:33:48.201,1.0,5.9,销售,否,2023-03-19,3.0
102900011032022,小皱皮(份),辣椒类,14:26:22.811,1.0,5.9,销售,否,2023-03-19,3.0
102900011032022,小皱皮(份),辣椒类,14:38:04.047,1.0,5.9,销售,否,2023-03-19,3.0
102900011032022,小皱皮(份),辣椒类,14:57:10.17,1.0,5.9,销售,否,2023-03-19,3.0
102900011032022,小皱皮(份),辣椒类,15:07:41.183,1.0,5.9,销售,否,2023-03-19,3.0
102900011032022,小皱皮(份),辣椒类,15:47:21.076,1.0,5.9,销售,否,2023-03-19,3.0
102900011032022,小皱皮(份),辣椒类,15:59:40.261,1.0,5.9,销售,否,2023-03-19,3.0
102900011032022,小皱皮(份),辣椒类,16:19:59.748,1.0,5.9,销售,否,2023-03-19,3.0
102900011032022,小皱皮(份),辣椒类,17:14:53.931,1.0,5.9,销售,否,2023-03-19,3.0
102900011032022,小皱皮(份),辣椒类,17:58:15.223,1.0,5.9,销售,否,2023-03-19,3.0
102900011032022,小皱皮(份),辣椒类,18:23:07.014,1.0,5.9,销售,否,2023-03-19,3.0
102900011032022,小皱皮(份),辣椒类,18:23:28.045,1.0,5.9,销售,否,2023-03-19,3.0
102900011032022,小皱皮(份),辣椒类,18:30:09.856,1.0,3.5,销售,是,2023-03-19,3.0
102900011032022,小皱皮(份),辣椒类,19:47:42.945,1.0,5.9,销售,否,2023-03-19,3.0
102900011032022,小皱皮(份),辣椒类,11:43:31.371,1.0,5.9,销售,否,2023-03-20,2.44
102900011032022,小皱皮(份),辣椒类,13:24:21.417,1.0,5.9,销售,否,2023-03-20,2.44
102900011032022,小皱皮(份),辣椒类,13:24:21.619,1.0,5.9,销售,否,2023-03-20,2.44
102900011032022,小皱皮(份),辣椒类,18:24:44.358,1.0,5.9,销售,否,2023-03-20,2.44
102900011032022,小皱皮(份),辣椒类,10:11:32.889,1.0,5.9,销售,否,2023-03-21,2.28
102900011032022,小皱皮(份),辣椒类,10:11:35.373,1.0,5.9,销售,否,2023-03-21,2.28
102900011032022,小皱皮(份),辣椒类,10:18:12.727,1.0,5.9,销售,否,2023-03-21,2.28
102900011032022,小皱皮(份),辣椒类,15:24:37.354,1.0,5.9,销售,否,2023-03-21,2.28
102900011032022,小皱皮(份),辣椒类,16:05:53.393,1.0,5.9,销售,否,2023-03-21,2.28
102900011032022,小皱皮(份),辣椒类,16:05:53.774,1.0,5.9,销售,否,2023-03-21,2.28
102900011032022,小皱皮(份),辣椒类,18:28:33.114,1.0,5.9,销售,否,2023-03-21,2.28
102900011032022,小皱皮(份),辣椒类,21:09:32.055,1.0,5.9,销售,否,2023-03-21,2.28
102900011032022,小皱皮(份),辣椒类,09:56:55.233,1.0,5.9,销售,否,2023-03-22,2.43
102900011032022,小皱皮(份),辣椒类,12:27:26.208,1.0,5.9,销售,否,2023-03-22,2.43
102900011032022,小皱皮(份),辣椒类,16:20:40.764,1.0,5.9,销售,否,2023-03-22,2.43
102900011032022,小皱皮(份),辣椒类,16:20:42.608,1.0,5.9,销售,否,2023-03-22,2.43
102900011032022,小皱皮(份),辣椒类,17:19:43.29,1.0,5.9,销售,否,2023-03-22,2.43
102900011032022,小皱皮(份),辣椒类,17:22:26.655,1.0,5.9,销售,否,2023-03-22,2.43
102900011032022,小皱皮(份),辣椒类,18:09:42.331,1.0,5.9,销售,否,2023-03-22,2.43
102900011032022,小皱皮(份),辣椒类,18:20:39.405,1.0,5.9,销售,否,2023-03-22,2.43
102900011032022,小皱皮(份),辣椒类,18:20:40.889,1.0,5.9,销售,否,2023-03-22,2.43
102900011032022,小皱皮(份),辣椒类,19:52:14.639,1.0,5.9,销售,否,2023-03-22,2.43
102900011032022,小皱皮(份),辣椒类,21:11:36.125,1.0,5.9,销售,否,2023-03-22,2.43
102900011032022,小皱皮(份),辣椒类,11:28:10.248,1.0,3.9,销售,否,2023-03-23,2.79
102900011032022,小皱皮(份),辣椒类,12:47:22.357,1.0,3.9,销售,否,2023-03-23,2.79
102900011032022,小皱皮(份),辣椒类,17:17:30.061,1.0,3.9,销售,否,2023-03-23,2.79
102900011032022,小皱皮(份),辣椒类,19:05:05.233,1.0,3.9,销售,是,2023-03-23,2.79
102900011032022,小皱皮(份),辣椒类,19:09:23.211,1.0,2.3,销售,是,2023-03-23,2.79
102900011032022,小皱皮(份),辣椒类,19:14:01.658,1.0,2.3,销售,是,2023-03-23,2.79
102900011032022,小皱皮(份),辣椒类,19:14:01.767,1.0,2.3,销售,是,2023-03-23,2.79
102900011032022,小皱皮(份),辣椒类,20:34:16.62,1.0,2.3,销售,是,2023-03-23,2.79
102900011032022,小皱皮(份),辣椒类,21:05:19.951,1.0,3.9,销售,是,2023-03-23,2.79
102900011032022,小皱皮(份),辣椒类,21:21:37.186,1.0,3.9,销售,是,2023-03-23,2.79
102900011032022,小皱皮(份),辣椒类,09:45:30.936,1.0,3.9,销售,否,2023-03-24,2.05
102900011032022,小皱皮(份),辣椒类,10:01:57.215,1.0,3.9,销售,否,2023-03-24,2.05
102900011032022,小皱皮(份),辣椒类,10:01:57.394,1.0,3.9,销售,否,2023-03-24,2.05
102900011032022,小皱皮(份),辣椒类,10:30:03.456,1.0,3.9,销售,否,2023-03-24,2.05
102900011032022,小皱皮(份),辣椒类,11:52:16.82,1.0,3.9,销售,否,2023-03-24,2.05
102900011032022,小皱皮(份),辣椒类,17:21:20.967,1.0,3.9,销售,否,2023-03-24,2.05
102900011032022,小皱皮(份),辣椒类,18:26:06.306,1.0,3.9,销售,否,2023-03-24,2.05
102900011032022,小皱皮(份),辣椒类,19:48:53.67,1.0,3.9,销售,否,2023-03-24,2.05
102900011032022,小皱皮(份),辣椒类,20:36:02.274,1.0,3.9,销售,否,2023-03-24,2.05
102900011032022,小皱皮(份),辣椒类,21:23:26.317,1.0,3.9,销售,否,2023-03-24,2.05
102900011032022,小皱皮(份),辣椒类,21:27:50.498,1.0,3.9,销售,否,2023-03-24,2.05
102900011032022,小皱皮(份),辣椒类,09:30:20.688,1.0,3.9,销售,否,2023-03-25,1.85
102900011032022,小皱皮(份),辣椒类,10:01:06.615,1.0,3.9,销售,否,2023-03-25,1.85
102900011032022,小皱皮(份),辣椒类,10:33:05.076,1.0,3.9,销售,否,2023-03-25,1.85
102900011032022,小皱皮(份),辣椒类,10:58:27.29,1.0,3.9,销售,否,2023-03-25,1.85
102900011032022,小皱皮(份),辣椒类,14:17:16.826,1.0,3.9,销售,否,2023-03-25,1.85
102900011032022,小皱皮(份),辣椒类,14:17:18.28,1.0,3.9,销售,否,2023-03-25,1.85
102900011032022,小皱皮(份),辣椒类,15:06:07.16,1.0,3.9,销售,否,2023-03-25,1.85
102900011032022,小皱皮(份),辣椒类,15:52:03.299,1.0,3.9,销售,否,2023-03-25,1.85
102900011032022,小皱皮(份),辣椒类,16:15:36.035,1.0,3.9,销售,否,2023-03-25,1.85
102900011032022,小皱皮(份),辣椒类,16:23:18.362,1.0,3.9,销售,否,2023-03-25,1.85
102900011032022,小皱皮(份),辣椒类,17:12:50.054,1.0,3.9,销售,否,2023-03-25,1.85
102900011032022,小皱皮(份),辣椒类,17:27:25.424,1.0,3.9,销售,否,2023-03-25,1.85
102900011032022,小皱皮(份),辣椒类,17:55:54.206,1.0,3.9,销售,否,2023-03-25,1.85
102900011032022,小皱皮(份),辣椒类,18:00:23.081,1.0,3.9,销售,否,2023-03-25,1.85
102900011032022,小皱皮(份),辣椒类,18:55:05.002,1.0,3.9,销售,否,2023-03-25,1.85
102900011032022,小皱皮(份),辣椒类,18:55:28.252,1.0,3.9,销售,否,2023-03-25,1.85
102900011032022,小皱皮(份),辣椒类,19:27:24.409,1.0,3.9,销售,否,2023-03-25,1.85
102900011032022,小皱皮(份),辣椒类,19:32:30.619,1.0,2.3,销售,是,2023-03-25,1.85
102900011032022,小皱皮(份),辣椒类,20:02:52.233,1.0,3.9,销售,否,2023-03-25,1.85
102900011032022,小皱皮(份),辣椒类,20:20:49.513,1.0,2.3,销售,是,2023-03-25,1.85
102900011032022,小皱皮(份),辣椒类,21:01:13.736,1.0,3.9,销售,否,2023-03-25,1.85
102900011032022,小皱皮(份),辣椒类,21:07:13.341,1.0,3.9,销售,否,2023-03-25,1.85
102900011032022,小皱皮(份),辣椒类,11:23:35.002,1.0,3.9,销售,否,2023-03-26,1.43
102900011032022,小皱皮(份),辣椒类,13:09:35.78,1.0,3.9,销售,否,2023-03-26,1.43
102900011032022,小皱皮(份),辣椒类,14:47:50.169,1.0,3.9,销售,否,2023-03-26,1.43
102900011032022,小皱皮(份),辣椒类,16:31:49.748,1.0,3.9,销售,否,2023-03-26,1.43
102900011032022,小皱皮(份),辣椒类,16:32:22.847,1.0,3.9,销售,否,2023-03-26,1.43
102900011032022,小皱皮(份),辣椒类,16:32:51.199,1.0,3.9,销售,否,2023-03-26,1.43
102900011032022,小皱皮(份),辣椒类,16:42:37.326,1.0,3.9,销售,否,2023-03-26,1.43
102900011032022,小皱皮(份),辣椒类,17:20:35.561,1.0,3.9,销售,否,2023-03-26,1.43
102900011032022,小皱皮(份),辣椒类,18:50:54.561,1.0,3.9,销售,否,2023-03-26,1.43
102900011032022,小皱皮(份),辣椒类,18:52:14.545,1.0,3.9,销售,否,2023-03-26,1.43
102900011032022,小皱皮(份),辣椒类,18:54:29.576,1.0,3.9,销售,否,2023-03-26,1.43
102900011032022,小皱皮(份),辣椒类,20:14:50.664,1.0,2.3,销售,是,2023-03-26,1.43
102900011032022,小皱皮(份),辣椒类,20:14:56.483,1.0,3.9,销售,是,2023-03-26,1.43
102900011032022,小皱皮(份),辣椒类,20:28:42.125,1.0,3.9,销售,否,2023-03-26,1.43
102900011032022,小皱皮(份),辣椒类,21:14:35.061,1.0,3.9,销售,否,2023-03-26,1.43
102900011032022,小皱皮(份),辣椒类,11:50:10.155,1.0,3.9,销售,否,2023-03-27,1.35
102900011032022,小皱皮(份),辣椒类,14:44:01.17,1.0,3.9,销售,否,2023-03-27,1.35
102900011032022,小皱皮(份),辣椒类,14:50:04.405,1.0,3.9,销售,否,2023-03-27,1.35
102900011032022,小皱皮(份),辣椒类,15:21:52.925,1.0,3.9,销售,否,2023-03-27,1.35
102900011032022,小皱皮(份),辣椒类,16:02:01.764,1.0,3.9,销售,否,2023-03-27,1.35
102900011032022,小皱皮(份),辣椒类,16:04:56.951,1.0,3.9,销售,否,2023-03-27,1.35
102900011032022,小皱皮(份),辣椒类,17:03:24.67,1.0,3.9,销售,否,2023-03-27,1.35
102900011032022,小皱皮(份),辣椒类,17:51:39.267,1.0,3.9,销售,否,2023-03-27,1.35
102900011032022,小皱皮(份),辣椒类,18:13:30.873,1.0,3.9,销售,否,2023-03-27,1.35
102900011032022,小皱皮(份),辣椒类,18:15:07.419,1.0,3.9,销售,否,2023-03-27,1.35
102900011032022,小皱皮(份),辣椒类,18:31:36.358,1.0,3.9,销售,否,2023-03-27,1.35
102900011032022,小皱皮(份),辣椒类,18:40:10.811,1.0,3.9,销售,否,2023-03-27,1.35
102900011032022,小皱皮(份),辣椒类,19:52:49.545,1.0,3.9,销售,否,2023-03-27,1.35
102900011032022,小皱皮(份),辣椒类,19:52:49.822,1.0,3.9,销售,否,2023-03-27,1.35
102900011032022,小皱皮(份),辣椒类,19:53:03.769,1.0,3.9,销售,否,2023-03-27,1.35
102900011032022,小皱皮(份),辣椒类,20:25:15.028,1.0,3.9,销售,否,2023-03-27,1.35
102900011032022,小皱皮(份),辣椒类,12:35:19.905,1.0,3.9,销售,否,2023-03-28,1.35
102900011032022,小皱皮(份),辣椒类,13:51:42.311,1.0,3.9,销售,否,2023-03-28,1.35
102900011032022,小皱皮(份),辣椒类,15:12:00.938,1.0,3.9,销售,否,2023-03-28,1.35
102900011032022,小皱皮(份),辣椒类,15:54:43.729,1.0,3.9,销售,否,2023-03-28,1.35
102900011032022,小皱皮(份),辣椒类,17:53:22.237,1.0,3.9,销售,否,2023-03-28,1.35
102900011032022,小皱皮(份),辣椒类,19:51:11.492,1.0,3.9,销售,否,2023-03-28,1.35
102900011032022,小皱皮(份),辣椒类,21:48:46.014,1.0,2.3,销售,是,2023-03-28,1.35
102900011032022,小皱皮(份),辣椒类,09:41:05.295,1.0,3.9,销售,是,2023-03-29,1.38
102900011032022,小皱皮(份),辣椒类,09:57:56.906,1.0,3.9,销售,否,2023-03-29,1.38
102900011032022,小皱皮(份),辣椒类,13:41:13.889,1.0,3.9,销售,否,2023-03-29,1.38
102900011032022,小皱皮(份),辣椒类,14:59:28.155,1.0,3.9,销售,否,2023-03-29,1.38
102900011032022,小皱皮(份),辣椒类,16:09:58.609,1.0,3.9,销售,否,2023-03-29,1.38
102900011032022,小皱皮(份),辣椒类,17:43:29.469,1.0,3.9,销售,否,2023-03-29,1.38
102900011032022,小皱皮(份),辣椒类,18:43:30.327,1.0,3.9,销售,否,2023-03-29,1.38
102900011032022,小皱皮(份),辣椒类,21:04:06.849,1.0,2.3,销售,是,2023-03-29,1.38
102900011032022,小皱皮(份),辣椒类,09:18:53.119,1.0,3.9,销售,否,2023-03-30,1.62
102900011032022,小皱皮(份),辣椒类,09:47:06.388,1.0,3.9,销售,否,2023-03-30,1.62
102900011032022,小皱皮(份),辣椒类,11:01:27.755,1.0,3.9,销售,否,2023-03-30,1.62
102900011032022,小皱皮(份),辣椒类,11:44:16.264,1.0,3.9,销售,否,2023-03-30,1.62
102900011032022,小皱皮(份),辣椒类,14:45:16.248,1.0,3.9,销售,否,2023-03-30,1.62
102900011032022,小皱皮(份),辣椒类,17:04:19.801,1.0,3.9,销售,否,2023-03-30,1.62
102900011032022,小皱皮(份),辣椒类,17:46:31.634,1.0,3.9,销售,否,2023-03-30,1.62
102900011032022,小皱皮(份),辣椒类,18:08:36.451,1.0,3.9,销售,否,2023-03-30,1.62
102900011032022,小皱皮(份),辣椒类,18:21:18.905,1.0,3.9,销售,是,2023-03-30,1.62
102900011032022,小皱皮(份),辣椒类,18:24:35.554,1.0,3.9,销售,否,2023-03-30,1.62
102900011032022,小皱皮(份),辣椒类,18:24:35.734,1.0,3.9,销售,否,2023-03-30,1.62
102900011032022,小皱皮(份),辣椒类,18:45:22.358,1.0,3.9,销售,否,2023-03-30,1.62
102900011032022,小皱皮(份),辣椒类,18:54:43.845,1.0,2.3,销售,是,2023-03-30,1.62
102900011032022,小皱皮(份),辣椒类,19:17:13.826,1.0,3.9,销售,是,2023-03-30,1.62
102900011032022,小皱皮(份),辣椒类,20:06:58.201,1.0,3.9,销售,否,2023-03-30,1.62
102900011032022,小皱皮(份),辣椒类,20:16:24.256,1.0,3.9,销售,否,2023-03-30,1.62
102900011032022,小皱皮(份),辣椒类,20:43:17.387,1.0,3.9,销售,否,2023-03-30,1.62
102900011032022,小皱皮(份),辣椒类,09:26:50.29,1.0,2.8,销售,否,2023-03-31,1.63
102900011032022,小皱皮(份),辣椒类,10:23:41.3,1.0,2.8,销售,否,2023-03-31,1.63
102900011032022,小皱皮(份),辣椒类,10:26:41.493,1.0,2.8,销售,否,2023-03-31,1.63
102900011032022,小皱皮(份),辣椒类,10:34:24.53,1.0,2.8,销售,否,2023-03-31,1.63
102900011032022,小皱皮(份),辣椒类,10:39:15.334,1.0,2.8,销售,否,2023-03-31,1.63
102900011032022,小皱皮(份),辣椒类,13:57:02.902,1.0,2.8,销售,否,2023-03-31,1.63
102900011032022,小皱皮(份),辣椒类,14:28:58.326,1.0,2.8,销售,否,2023-03-31,1.63
102900011032022,小皱皮(份),辣椒类,16:28:34.749,1.0,2.8,销售,否,2023-03-31,1.63
102900011032022,小皱皮(份),辣椒类,16:37:38.647,1.0,2.8,销售,否,2023-03-31,1.63
102900011032022,小皱皮(份),辣椒类,17:44:16.259,1.0,2.8,销售,否,2023-03-31,1.63
102900011032022,小皱皮(份),辣椒类,18:24:10.882,1.0,2.8,销售,否,2023-03-31,1.63
102900011032022,小皱皮(份),辣椒类,18:29:00.129,1.0,2.8,销售,否,2023-03-31,1.63
102900011032022,小皱皮(份),辣椒类,18:29:00.328,1.0,2.8,销售,否,2023-03-31,1.63
102900011032022,小皱皮(份),辣椒类,19:15:47.367,1.0,1.7,销售,是,2023-03-31,1.63
102900011032022,小皱皮(份),辣椒类,19:31:52.778,1.0,1.7,销售,是,2023-03-31,1.63
102900011032022,小皱皮(份),辣椒类,20:27:15.258,1.0,1.7,销售,是,2023-03-31,1.63
102900011032022,小皱皮(份),辣椒类,09:24:49.511,1.0,2.8,销售,否,2023-04-01,1.91
102900011032022,小皱皮(份),辣椒类,10:46:12.995,1.0,2.8,销售,否,2023-04-01,1.91
102900011032022,小皱皮(份),辣椒类,10:49:25.186,1.0,2.8,销售,否,2023-04-01,1.91
102900011032022,小皱皮(份),辣椒类,11:06:42.028,1.0,2.8,销售,否,2023-04-01,1.91
102900011032022,小皱皮(份),辣椒类,11:40:03.466,1.0,2.8,销售,否,2023-04-01,1.91
102900011032022,小皱皮(份),辣椒类,12:09:34.248,1.0,2.8,销售,否,2023-04-01,1.91
102900011032022,小皱皮(份),辣椒类,13:05:38.352,1.0,2.8,销售,否,2023-04-01,1.91
102900011032022,小皱皮(份),辣椒类,16:42:46.342,1.0,2.8,销售,否,2023-04-01,1.91
102900011032022,小皱皮(份),辣椒类,17:03:24.498,1.0,2.8,销售,否,2023-04-01,1.91
102900011032022,小皱皮(份),辣椒类,17:48:09.545,1.0,2.8,销售,否,2023-04-01,1.91
102900011032022,小皱皮(份),辣椒类,17:48:56.358,1.0,2.8,销售,否,2023-04-01,1.91
102900011032022,小皱皮(份),辣椒类,18:34:17.479,1.0,2.8,销售,否,2023-04-01,1.91
102900011032022,小皱皮(份),辣椒类,20:25:42.748,1.0,2.8,销售,否,2023-04-01,1.91
102900011032022,小皱皮(份),辣椒类,20:55:11.592,1.0,2.8,销售,否,2023-04-01,1.91
102900011032022,小皱皮(份),辣椒类,09:40:54.254,1.0,2.8,销售,否,2023-04-02,1.6
102900011032022,小皱皮(份),辣椒类,09:40:54.428,1.0,2.8,销售,否,2023-04-02,1.6
102900011032022,小皱皮(份),辣椒类,09:54:08.227,1.0,2.8,销售,否,2023-04-02,1.6
102900011032022,小皱皮(份),辣椒类,09:55:09.873,1.0,2.8,销售,否,2023-04-02,1.6
102900011032022,小皱皮(份),辣椒类,09:55:29.811,1.0,2.8,销售,否,2023-04-02,1.6
102900011032022,小皱皮(份),辣椒类,09:55:34.905,1.0,2.8,销售,否,2023-04-02,1.6
102900011032022,小皱皮(份),辣椒类,09:59:27.784,1.0,2.8,销售,否,2023-04-02,1.6
102900011032022,小皱皮(份),辣椒类,10:20:05.901,1.0,2.8,销售,否,2023-04-02,1.6
102900011032022,小皱皮(份),辣椒类,10:20:08.263,1.0,2.8,销售,否,2023-04-02,1.6
102900011032022,小皱皮(份),辣椒类,10:32:55.123,1.0,2.8,销售,否,2023-04-02,1.6
102900011032022,小皱皮(份),辣椒类,10:54:08.098,1.0,2.8,销售,否,2023-04-02,1.6
102900011032022,小皱皮(份),辣椒类,11:12:50.873,1.0,2.8,销售,否,2023-04-02,1.6
102900011032022,小皱皮(份),辣椒类,13:16:23.561,1.0,2.8,销售,否,2023-04-02,1.6
102900011032022,小皱皮(份),辣椒类,14:17:23.655,1.0,2.8,销售,否,2023-04-02,1.6
102900011032022,小皱皮(份),辣椒类,17:49:55.788,1.0,2.8,销售,否,2023-04-02,1.6
102900011032022,小皱皮(份),辣椒类,10:32:48.026,1.0,2.8,销售,否,2023-04-03,1.55
102900011032022,小皱皮(份),辣椒类,11:13:16.108,1.0,2.8,销售,否,2023-04-03,1.55
102900011032022,小皱皮(份),辣椒类,12:13:38.948,1.0,2.8,销售,否,2023-04-03,1.55
102900011032022,小皱皮(份),辣椒类,13:56:13.131,1.0,2.8,销售,否,2023-04-03,1.55
102900011032022,小皱皮(份),辣椒类,16:36:49.217,1.0,2.8,销售,否,2023-04-03,1.55
102900011032022,小皱皮(份),辣椒类,16:53:55.405,1.0,2.8,销售,否,2023-04-03,1.55
102900011032022,小皱皮(份),辣椒类,17:19:19.558,1.0,2.8,销售,否,2023-04-03,1.55
102900011032022,小皱皮(份),辣椒类,17:29:01.463,1.0,2.8,销售,否,2023-04-03,1.55
102900011032022,小皱皮(份),辣椒类,18:25:12.389,1.0,2.8,销售,否,2023-04-03,1.55
102900011032022,小皱皮(份),辣椒类,18:43:36.498,1.0,2.8,销售,否,2023-04-03,1.55
102900011032022,小皱皮(份),辣椒类,19:31:23.815,1.0,1.7,销售,是,2023-04-03,1.55
102900011032022,小皱皮(份),辣椒类,20:08:58.595,1.0,1.7,销售,是,2023-04-03,1.55
102900011032022,小皱皮(份),辣椒类,20:08:58.702,1.0,1.7,销售,是,2023-04-03,1.55
102900011032022,小皱皮(份),辣椒类,20:10:59.764,1.0,2.8,销售,否,2023-04-03,1.55
102900011032022,小皱皮(份),辣椒类,21:09:47.264,1.0,2.8,销售,否,2023-04-03,1.55
102900011032022,小皱皮(份),辣椒类,21:12:57.989,1.0,2.8,销售,否,2023-04-03,1.55
102900011032022,小皱皮(份),辣椒类,10:35:32.847,1.0,2.8,销售,否,2023-04-04,1.88
102900011032022,小皱皮(份),辣椒类,11:15:34.326,1.0,2.8,销售,否,2023-04-04,1.88
102900011032022,小皱皮(份),辣椒类,11:34:37.467,1.0,2.8,销售,否,2023-04-04,1.88
102900011032022,小皱皮(份),辣椒类,12:04:24.774,1.0,2.8,销售,否,2023-04-04,1.88
102900011032022,小皱皮(份),辣椒类,12:47:03.695,1.0,2.8,销售,否,2023-04-04,1.88
102900011032022,小皱皮(份),辣椒类,12:53:47.335,1.0,2.8,销售,否,2023-04-04,1.88
102900011032022,小皱皮(份),辣椒类,14:51:21.811,1.0,2.8,销售,否,2023-04-04,1.88
102900011032022,小皱皮(份),辣椒类,15:02:29.024,1.0,2.8,销售,否,2023-04-04,1.88
102900011032022,小皱皮(份),辣椒类,15:27:58.648,1.0,2.8,销售,否,2023-04-04,1.88
102900011032022,小皱皮(份),辣椒类,16:14:21.346,1.0,2.8,销售,否,2023-04-04,1.88
102900011032022,小皱皮(份),辣椒类,16:51:13.407,1.0,2.8,销售,否,2023-04-04,1.88
102900011032022,小皱皮(份),辣椒类,18:20:04.139,1.0,2.8,销售,否,2023-04-04,1.88
102900011032022,小皱皮(份),辣椒类,18:27:18.623,1.0,2.8,销售,否,2023-04-04,1.88
102900011032022,小皱皮(份),辣椒类,18:30:31.339,1.0,2.8,销售,否,2023-04-04,1.88
102900011032022,小皱皮(份),辣椒类,19:13:32.834,1.0,2.8,销售,否,2023-04-04,1.88
102900011032022,小皱皮(份),辣椒类,19:55:22.201,1.0,2.8,销售,否,2023-04-04,1.88
102900011032022,小皱皮(份),辣椒类,09:16:31.383,1.0,2.8,销售,否,2023-04-05,2.0
102900011032022,小皱皮(份),辣椒类,09:32:17.963,1.0,2.8,销售,否,2023-04-05,2.0
102900011032022,小皱皮(份),辣椒类,09:47:47.311,1.0,2.8,销售,否,2023-04-05,2.0
102900011032022,小皱皮(份),辣椒类,10:26:16.081,1.0,2.8,销售,否,2023-04-05,2.0
102900011032022,小皱皮(份),辣椒类,10:54:47.092,1.0,2.8,销售,否,2023-04-05,2.0
102900011032022,小皱皮(份),辣椒类,11:03:47.596,1.0,2.8,销售,否,2023-04-05,2.0
102900011032022,小皱皮(份),辣椒类,15:00:15.652,1.0,2.8,销售,否,2023-04-05,2.0
102900011032022,小皱皮(份),辣椒类,16:50:31.556,1.0,2.8,销售,否,2023-04-05,2.0
102900011032022,小皱皮(份),辣椒类,17:41:38.174,1.0,2.8,销售,否,2023-04-05,2.0
102900011032022,小皱皮(份),辣椒类,18:01:04.231,1.0,2.8,销售,否,2023-04-05,2.0
102900011032022,小皱皮(份),辣椒类,18:16:39.201,1.0,2.8,销售,否,2023-04-05,2.0
102900011032022,小皱皮(份),辣椒类,19:07:05.991,1.0,2.8,销售,否,2023-04-05,2.0
102900011032022,小皱皮(份),辣椒类,19:13:53.938,1.0,2.8,销售,否,2023-04-05,2.0
102900011032022,小皱皮(份),辣椒类,19:21:21.355,1.0,2.8,销售,否,2023-04-05,2.0
102900011032022,小皱皮(份),辣椒类,20:26:41.28,1.0,2.8,销售,是,2023-04-05,2.0
102900011032022,小皱皮(份),辣椒类,20:41:36.854,1.0,1.7,销售,是,2023-04-05,2.0
102900011032022,小皱皮(份),辣椒类,20:41:36.972,1.0,1.7,销售,是,2023-04-05,2.0
102900011032022,小皱皮(份),辣椒类,21:22:43.639,1.0,2.8,销售,否,2023-04-05,2.0
102900011032022,小皱皮(份),辣椒类,21:24:02.892,1.0,2.8,销售,否,2023-04-05,2.0
102900011032022,小皱皮(份),辣椒类,10:04:14.559,1.0,3.5,销售,否,2023-04-06,1.98
102900011032022,小皱皮(份),辣椒类,10:04:14.731,1.0,3.5,销售,否,2023-04-06,1.98
102900011032022,小皱皮(份),辣椒类,10:44:31.701,1.0,3.5,销售,否,2023-04-06,1.98
102900011032022,小皱皮(份),辣椒类,12:18:41.102,1.0,3.5,销售,否,2023-04-06,1.98
102900011032022,小皱皮(份),辣椒类,13:16:21.991,1.0,3.5,销售,否,2023-04-06,1.98
102900011032022,小皱皮(份),辣椒类,14:32:00.233,1.0,3.5,销售,否,2023-04-06,1.98
102900011032022,小皱皮(份),辣椒类,14:32:02.545,1.0,3.5,销售,否,2023-04-06,1.98
102900011032022,小皱皮(份),辣椒类,14:59:57.063,1.0,3.5,销售,否,2023-04-06,1.98
102900011032022,小皱皮(份),辣椒类,15:23:15.17,1.0,3.5,销售,否,2023-04-06,1.98
102900011032022,小皱皮(份),辣椒类,15:23:24.78,1.0,3.5,销售,否,2023-04-06,1.98
102900011032022,小皱皮(份),辣椒类,16:15:02.389,1.0,3.5,销售,否,2023-04-06,1.98
102900011032022,小皱皮(份),辣椒类,16:50:12.786,1.0,3.5,销售,否,2023-04-06,1.98
102900011032022,小皱皮(份),辣椒类,17:01:59.686,1.0,3.5,销售,否,2023-04-06,1.98
102900011032022,小皱皮(份),辣椒类,17:02:38.358,1.0,3.5,销售,否,2023-04-06,1.98
102900011032022,小皱皮(份),辣椒类,17:20:04.78,1.0,3.5,销售,否,2023-04-06,1.98
102900011032022,小皱皮(份),辣椒类,17:21:21.139,1.0,3.5,销售,否,2023-04-06,1.98
102900011032022,小皱皮(份),辣椒类,17:55:55.358,1.0,3.5,销售,否,2023-04-06,1.98
102900011032022,小皱皮(份),辣椒类,18:08:08.73,1.0,3.5,销售,否,2023-04-06,1.98
102900011032022,小皱皮(份),辣椒类,18:09:41.554,1.0,3.5,销售,否,2023-04-06,1.98
102900011032022,小皱皮(份),辣椒类,20:23:24.318,1.0,3.5,销售,否,2023-04-06,1.98
102900011032022,小皱皮(份),辣椒类,21:18:11.264,1.0,3.5,销售,是,2023-04-06,1.98
102900011032022,小皱皮(份),辣椒类,09:16:16.987,1.0,3.5,销售,否,2023-04-07,1.98
102900011032022,小皱皮(份),辣椒类,10:58:37.682,1.0,3.5,销售,否,2023-04-07,1.98
102900011032022,小皱皮(份),辣椒类,11:18:46.246,1.0,2.1,销售,是,2023-04-07,1.98
102900011032022,小皱皮(份),辣椒类,11:19:59.483,1.0,3.5,销售,否,2023-04-07,1.98
102900011032022,小皱皮(份),辣椒类,15:33:44.226,1.0,3.5,销售,否,2023-04-07,1.98
102900011032022,小皱皮(份),辣椒类,16:32:22.163,1.0,3.5,销售,否,2023-04-07,1.98
102900011032022,小皱皮(份),辣椒类,18:00:36.471,1.0,3.5,销售,否,2023-04-07,1.98
102900011032022,小皱皮(份),辣椒类,18:04:30.181,1.0,3.5,销售,否,2023-04-07,1.98
102900011032022,小皱皮(份),辣椒类,19:07:14.911,1.0,2.1,销售,是,2023-04-07,1.98
102900011032022,小皱皮(份),辣椒类,19:48:32.614,1.0,2.1,销售,是,2023-04-07,1.98
102900011032022,小皱皮(份),辣椒类,20:09:09.186,1.0,3.5,销售,是,2023-04-07,1.98
102900011032022,小皱皮(份),辣椒类,20:45:46.173,1.0,3.5,销售,否,2023-04-07,1.98
102900011032022,小皱皮(份),辣椒类,20:46:44.072,1.0,2.1,销售,是,2023-04-07,1.98
102900011032022,小皱皮(份),辣椒类,10:00:07.669,1.0,2.1,销售,是,2023-04-08,1.97
102900011032022,小皱皮(份),辣椒类,10:00:07.778,1.0,2.1,销售,是,2023-04-08,1.97
102900011032022,小皱皮(份),辣椒类,15:49:44.176,1.0,2.1,销售,是,2023-04-08,1.97
102900011032022,小皱皮(份),辣椒类,16:15:06.79,1.0,3.5,销售,否,2023-04-08,1.97
102900011032022,小皱皮(份),辣椒类,17:33:27.499,1.0,3.5,销售,否,2023-04-08,1.97
102900011032022,小皱皮(份),辣椒类,17:58:03.723,1.0,3.5,销售,否,2023-04-08,1.97
102900011032022,小皱皮(份),辣椒类,18:08:07.124,1.0,3.5,销售,否,2023-04-08,1.97
102900011032022,小皱皮(份),辣椒类,18:08:24.02,1.0,3.5,销售,否,2023-04-08,1.97
102900011032022,小皱皮(份),辣椒类,19:51:19.008,1.0,3.5,销售,否,2023-04-08,1.97
102900011032022,小皱皮(份),辣椒类,20:01:57.234,1.0,2.1,销售,是,2023-04-08,1.97
102900011032022,小皱皮(份),辣椒类,20:28:45.9,1.0,2.1,销售,是,2023-04-08,1.97
102900011032022,小皱皮(份),辣椒类,21:14:40.131,1.0,2.1,销售,是,2023-04-08,1.97
102900011032022,小皱皮(份),辣椒类,21:32:32.623,1.0,3.5,销售,否,2023-04-08,1.97
102900011032022,小皱皮(份),辣椒类,10:28:21.561,1.0,3.5,销售,否,2023-04-09,1.96
102900011032022,小皱皮(份),辣椒类,10:41:45.405,1.0,3.5,销售,是,2023-04-09,1.96
102900011032022,小皱皮(份),辣椒类,10:41:53.264,1.0,3.5,销售,否,2023-04-09,1.96
102900011032022,小皱皮(份),辣椒类,12:42:01.967,1.0,3.5,销售,否,2023-04-09,1.96
102900011032022,小皱皮(份),辣椒类,13:30:32.769,1.0,3.5,销售,否,2023-04-09,1.96
102900011032022,小皱皮(份),辣椒类,13:30:32.942,1.0,3.5,销售,否,2023-04-09,1.96
102900011032022,小皱皮(份),辣椒类,13:40:18.123,1.0,3.5,销售,否,2023-04-09,1.96
102900011032022,小皱皮(份),辣椒类,14:27:30.958,1.0,3.5,销售,否,2023-04-09,1.96
102900011032022,小皱皮(份),辣椒类,14:30:50.778,1.0,3.5,销售,否,2023-04-09,1.96
102900011032022,小皱皮(份),辣椒类,15:34:35.998,1.0,3.5,销售,否,2023-04-09,1.96
102900011032022,小皱皮(份),辣椒类,18:00:55.836,1.0,3.5,销售,否,2023-04-09,1.96
102900011032022,小皱皮(份),辣椒类,18:41:50.557,1.0,2.1,销售,是,2023-04-09,1.96
102900011032022,小皱皮(份),辣椒类,19:13:00.035,1.0,3.5,销售,否,2023-04-09,1.96
102900011032022,小皱皮(份),辣椒类,19:36:33.811,1.0,3.5,销售,是,2023-04-09,1.96
102900011032022,小皱皮(份),辣椒类,19:36:36.592,1.0,3.5,销售,是,2023-04-09,1.96
102900011032022,小皱皮(份),辣椒类,19:36:45.78,1.0,3.5,销售,是,2023-04-09,1.96
102900011032022,小皱皮(份),辣椒类,19:46:04.909,1.0,3.5,销售,否,2023-04-09,1.96
102900011032022,小皱皮(份),辣椒类,20:39:11.478,1.0,2.1,销售,是,2023-04-09,1.96
102900011032022,小皱皮(份),辣椒类,20:46:06.056,1.0,2.1,销售,是,2023-04-09,1.96
102900011032022,小皱皮(份),辣椒类,20:55:51.342,1.0,3.5,销售,是,2023-04-09,1.96
102900011032022,小皱皮(份),辣椒类,09:37:35.209,1.0,3.5,销售,否,2023-04-10,1.98
102900011032022,小皱皮(份),辣椒类,09:39:36.121,1.0,2.1,销售,是,2023-04-10,1.98
102900011032022,小皱皮(份),辣椒类,17:15:01.686,1.0,3.5,销售,否,2023-04-10,1.98
102900011032022,小皱皮(份),辣椒类,18:30:48.218,1.0,2.1,销售,是,2023-04-10,1.98
102900011032022,小皱皮(份),辣椒类,18:45:18.592,1.0,3.5,销售,否,2023-04-10,1.98
102900011032022,小皱皮(份),辣椒类,19:36:25.553,1.0,3.5,销售,否,2023-04-10,1.98
102900011032022,小皱皮(份),辣椒类,10:06:47.123,1.0,3.5,销售,是,2023-04-11,2.08
102900011032022,小皱皮(份),辣椒类,12:20:32.381,1.0,3.5,销售,否,2023-04-11,2.08
102900011032022,小皱皮(份),辣椒类,12:20:32.544,1.0,3.5,销售,否,2023-04-11,2.08
102900011032022,小皱皮(份),辣椒类,12:25:32.847,1.0,3.5,销售,否,2023-04-11,2.08
102900011032022,小皱皮(份),辣椒类,15:33:42.311,1.0,3.5,销售,否,2023-04-11,2.08
102900011032022,小皱皮(份),辣椒类,17:30:27.323,1.0,3.5,销售,否,2023-04-11,2.08
102900011032022,小皱皮(份),辣椒类,18:00:02.408,1.0,3.5,销售,否,2023-04-11,2.08
102900011032022,小皱皮(份),辣椒类,18:00:02.583,1.0,3.5,销售,否,2023-04-11,2.08
102900011032022,小皱皮(份),辣椒类,18:03:46.54,1.0,2.1,销售,是,2023-04-11,2.08
102900011032022,小皱皮(份),辣椒类,19:14:30.014,1.0,3.5,销售,否,2023-04-11,2.08
102900011032022,小皱皮(份),辣椒类,19:14:32.014,1.0,3.5,销售,否,2023-04-11,2.08
102900011032022,小皱皮(份),辣椒类,11:11:32.951,1.0,3.5,销售,否,2023-04-12,1.72
102900011032022,小皱皮(份),辣椒类,14:54:00.285,1.0,3.5,销售,否,2023-04-12,1.72
102900011032022,小皱皮(份),辣椒类,15:23:25.536,1.0,3.5,销售,否,2023-04-12,1.72
102900011032022,小皱皮(份),辣椒类,15:42:07.703,1.0,3.5,销售,否,2023-04-12,1.72
102900011032022,小皱皮(份),辣椒类,15:48:02.666,1.0,3.5,销售,否,2023-04-12,1.72
102900011032022,小皱皮(份),辣椒类,16:44:12.253,1.0,3.5,销售,否,2023-04-12,1.72
102900011032022,小皱皮(份),辣椒类,17:14:09.242,1.0,1.8,销售,是,2023-04-12,1.72
102900011032022,小皱皮(份),辣椒类,17:18:16.146,1.0,3.5,销售,否,2023-04-12,1.72
102900011032022,小皱皮(份),辣椒类,17:47:15.951,1.0,3.5,销售,否,2023-04-12,1.72
102900011032022,小皱皮(份),辣椒类,17:56:42.685,1.0,3.5,销售,否,2023-04-12,1.72
102900011032022,小皱皮(份),辣椒类,18:17:27.138,1.0,3.5,销售,否,2023-04-12,1.72
102900011032022,小皱皮(份),辣椒类,18:22:10.919,1.0,3.5,销售,否,2023-04-12,1.72
102900011032022,小皱皮(份),辣椒类,19:32:42.33,1.0,2.1,销售,是,2023-04-12,1.72
102900011032022,小皱皮(份),辣椒类,19:32:42.439,1.0,3.5,销售,否,2023-04-12,1.72
102900011032022,小皱皮(份),辣椒类,19:51:33.479,1.0,2.1,销售,是,2023-04-12,1.72
102900011032022,小皱皮(份),辣椒类,19:53:01.418,1.0,2.1,销售,是,2023-04-12,1.72
102900011032022,小皱皮(份),辣椒类,20:27:38.608,1.0,3.5,销售,是,2023-04-12,1.72
102900011032022,小皱皮(份),辣椒类,13:33:20.056,1.0,3.5,销售,否,2023-04-13,1.46
102900011032022,小皱皮(份),辣椒类,16:19:23.097,1.0,3.5,销售,否,2023-04-13,1.46
102900011032022,小皱皮(份),辣椒类,17:31:52.111,1.0,3.5,销售,否,2023-04-13,1.46
102900011032022,小皱皮(份),辣椒类,17:33:59.576,1.0,3.5,销售,否,2023-04-13,1.46
102900011032022,小皱皮(份),辣椒类,17:34:23.53,1.0,3.5,销售,否,2023-04-13,1.46
102900011032022,小皱皮(份),辣椒类,17:51:42.733,1.0,3.5,销售,否,2023-04-13,1.46
102900011032022,小皱皮(份),辣椒类,21:16:58.071,1.0,2.1,销售,是,2023-04-13,1.46
102900011032022,小皱皮(份),辣椒类,21:22:25.718,1.0,2.1,销售,是,2023-04-13,1.46
102900011032022,小皱皮(份),辣椒类,10:34:30.967,1.0,3.5,销售,否,2023-04-14,1.42
102900011032022,小皱皮(份),辣椒类,16:05:49.826,1.0,3.5,销售,否,2023-04-14,1.42
102900011032022,小皱皮(份),辣椒类,16:35:39.673,1.0,3.5,销售,否,2023-04-14,1.42
102900011032022,小皱皮(份),辣椒类,17:53:30.852,1.0,3.5,销售,否,2023-04-14,1.42
102900011032022,小皱皮(份),辣椒类,18:24:03.156,1.0,3.5,销售,否,2023-04-14,1.42
102900011032022,小皱皮(份),辣椒类,18:25:14.548,1.0,3.5,销售,否,2023-04-14,1.42
102900011032022,小皱皮(份),辣椒类,18:58:31.123,1.0,3.5,销售,否,2023-04-14,1.42
102900011032022,小皱皮(份),辣椒类,20:18:34.582,1.0,2.1,销售,是,2023-04-14,1.42
102900011032022,小皱皮(份),辣椒类,21:01:05.003,1.0,2.1,销售,是,2023-04-14,1.42
102900011032022,小皱皮(份),辣椒类,21:01:05.125,1.0,2.1,销售,是,2023-04-14,1.42
102900011032022,小皱皮(份),辣椒类,11:01:03.795,1.0,3.5,销售,否,2023-04-15,1.52
102900011032022,小皱皮(份),辣椒类,11:01:10.405,1.0,3.5,销售,否,2023-04-15,1.52
102900011032022,小皱皮(份),辣椒类,11:25:46.881,1.0,3.5,销售,否,2023-04-15,1.52
102900011032022,小皱皮(份),辣椒类,11:25:47.423,1.0,3.5,销售,否,2023-04-15,1.52
102900011032022,小皱皮(份),辣椒类,11:39:51.238,1.0,3.5,销售,否,2023-04-15,1.52
102900011032022,小皱皮(份),辣椒类,12:02:11.652,1.0,3.5,销售,否,2023-04-15,1.52
102900011032022,小皱皮(份),辣椒类,12:02:11.835,1.0,3.5,销售,否,2023-04-15,1.52
102900011032022,小皱皮(份),辣椒类,14:51:38.328,1.0,3.5,销售,否,2023-04-15,1.52
102900011032022,小皱皮(份),辣椒类,16:03:47.406,1.0,3.5,销售,否,2023-04-15,1.52
102900011032022,小皱皮(份),辣椒类,16:41:22.538,1.0,3.5,销售,否,2023-04-15,1.52
102900011032022,小皱皮(份),辣椒类,18:18:58.123,1.0,3.5,销售,否,2023-04-15,1.52
102900011032022,小皱皮(份),辣椒类,19:01:49.819,1.0,3.5,销售,否,2023-04-15,1.52
102900011032022,小皱皮(份),辣椒类,20:30:26.343,1.0,2.1,销售,是,2023-04-15,1.52
102900011032022,小皱皮(份),辣椒类,21:52:05.593,1.0,2.1,销售,是,2023-04-15,1.52
102900011032022,小皱皮(份),辣椒类,09:21:15.592,1.0,3.5,销售,否,2023-04-16,2.01
102900011032022,小皱皮(份),辣椒类,09:21:16.59,1.0,3.5,销售,否,2023-04-16,2.01
102900011032022,小皱皮(份),辣椒类,10:26:17.123,1.0,3.5,销售,否,2023-04-16,2.01
102900011032022,小皱皮(份),辣椒类,10:29:54.041,1.0,3.5,销售,否,2023-04-16,2.01
102900011032022,小皱皮(份),辣椒类,11:03:49.362,1.0,2.1,销售,是,2023-04-16,2.01
102900011032022,小皱皮(份),辣椒类,11:08:17.082,1.0,3.5,销售,否,2023-04-16,2.01
102900011032022,小皱皮(份),辣椒类,11:08:41.051,1.0,3.5,销售,否,2023-04-16,2.01
102900011032022,小皱皮(份),辣椒类,12:52:55.246,1.0,3.5,销售,否,2023-04-16,2.01
102900011032022,小皱皮(份),辣椒类,16:36:29.498,1.0,3.5,销售,否,2023-04-16,2.01
102900011032022,小皱皮(份),辣椒类,17:06:56.63,1.0,3.5,销售,否,2023-04-16,2.01
102900011032022,小皱皮(份),辣椒类,18:28:52.889,1.0,3.5,销售,是,2023-04-16,2.01
102900011032022,小皱皮(份),辣椒类,19:36:34.311,1.0,3.5,销售,是,2023-04-16,2.01
102900011032022,小皱皮(份),辣椒类,19:38:54.483,1.0,3.5,销售,否,2023-04-16,2.01
102900011032022,小皱皮(份),辣椒类,21:07:58.546,1.0,2.1,销售,是,2023-04-16,2.01
102900011032022,小皱皮(份),辣椒类,11:11:48.246,1.0,3.5,销售,否,2023-04-17,2.25
102900011032022,小皱皮(份),辣椒类,11:45:09.621,1.0,3.5,销售,否,2023-04-17,2.25
102900011032022,小皱皮(份),辣椒类,11:47:22.071,1.0,2.1,销售,是,2023-04-17,2.25
102900011032022,小皱皮(份),辣椒类,12:09:54.686,1.0,3.5,销售,是,2023-04-17,2.25
102900011032022,小皱皮(份),辣椒类,12:09:57.561,1.0,3.5,销售,是,2023-04-17,2.25
102900011032022,小皱皮(份),辣椒类,12:20:19.058,1.0,3.5,销售,否,2023-04-17,2.25
102900011032022,小皱皮(份),辣椒类,14:33:06.53,1.0,3.5,销售,否,2023-04-17,2.25
102900011032022,小皱皮(份),辣椒类,14:37:13.061,1.0,3.5,销售,否,2023-04-17,2.25
102900011032022,小皱皮(份),辣椒类,16:48:51.832,1.0,3.5,销售,否,2023-04-17,2.25
102900011032022,小皱皮(份),辣椒类,17:26:23.391,1.0,3.5,销售,否,2023-04-17,2.25
102900011032022,小皱皮(份),辣椒类,17:29:47.213,1.0,3.5,销售,否,2023-04-17,2.25
102900011032022,小皱皮(份),辣椒类,18:33:23.534,1.0,3.5,销售,否,2023-04-17,2.25
102900011032022,小皱皮(份),辣椒类,18:34:42.498,1.0,3.5,销售,否,2023-04-17,2.25
102900011032022,小皱皮(份),辣椒类,19:05:49.38,1.0,3.5,销售,否,2023-04-17,2.25
102900011032022,小皱皮(份),辣椒类,19:47:14.854,1.0,3.5,销售,否,2023-04-17,2.25
102900011032022,小皱皮(份),辣椒类,21:19:35.165,1.0,3.5,销售,否,2023-04-17,2.25
102900011032022,小皱皮(份),辣椒类,10:06:25.367,1.0,3.5,销售,否,2023-04-18,2.42
102900011032022,小皱皮(份),辣椒类,10:38:20.467,1.0,3.5,销售,否,2023-04-18,2.42
102900011032022,小皱皮(份),辣椒类,10:40:52.748,1.0,3.5,销售,否,2023-04-18,2.42
102900011032022,小皱皮(份),辣椒类,13:37:06.608,1.0,3.5,销售,否,2023-04-18,2.42
102900011032022,小皱皮(份),辣椒类,18:06:42.794,1.0,3.5,销售,否,2023-04-18,2.42
102900011032022,小皱皮(份),辣椒类,18:37:09.998,1.0,3.5,销售,否,2023-04-18,2.42
102900011032022,小皱皮(份),辣椒类,19:16:11.637,1.0,2.1,销售,是,2023-04-18,2.42
102900011032022,小皱皮(份),辣椒类,20:00:51.69,1.0,2.1,销售,是,2023-04-18,2.42
102900011032022,小皱皮(份),辣椒类,21:17:09.623,1.0,3.5,销售,是,2023-04-18,2.42
102900011032022,小皱皮(份),辣椒类,21:17:11.592,1.0,3.5,销售,是,2023-04-18,2.42
102900011032022,小皱皮(份),辣椒类,21:29:50.686,1.0,3.5,销售,是,2023-04-18,2.42
102900011032022,小皱皮(份),辣椒类,09:52:11.97,1.0,3.5,销售,否,2023-04-19,2.07
102900011032022,小皱皮(份),辣椒类,12:13:06.037,1.0,3.5,销售,否,2023-04-19,2.07
102900011032022,小皱皮(份),辣椒类,14:11:48.092,1.0,3.5,销售,否,2023-04-19,2.07
102900011032022,小皱皮(份),辣椒类,19:09:59.17,1.0,3.5,销售,是,2023-04-19,2.07
102900011032022,小皱皮(份),辣椒类,19:25:23.726,1.0,2.1,销售,是,2023-04-19,2.07
102900011032022,小皱皮(份),辣椒类,19:58:57.17,1.0,3.5,销售,是,2023-04-19,2.07
102900011032022,小皱皮(份),辣椒类,19:59:07.717,1.0,3.5,销售,是,2023-04-19,2.07
102900011032022,小皱皮(份),辣椒类,20:40:26.282,1.0,3.5,销售,否,2023-04-19,2.07
102900011032022,小皱皮(份),辣椒类,20:40:26.657,1.0,3.5,销售,否,2023-04-19,2.07
102900011032022,小皱皮(份),辣椒类,20:59:54.389,1.0,3.5,销售,否,2023-04-19,2.07
102900011032022,小皱皮(份),辣椒类,21:30:08.942,1.0,3.5,销售,否,2023-04-19,2.07
102900011032022,小皱皮(份),辣椒类,21:30:09.158,1.0,3.5,销售,否,2023-04-19,2.07
102900011032022,小皱皮(份),辣椒类,10:01:34.842,1.0,3.5,销售,否,2023-04-20,2.27
102900011032022,小皱皮(份),辣椒类,10:10:03.839,1.0,3.5,销售,否,2023-04-20,2.27
102900011032022,小皱皮(份),辣椒类,10:12:18.905,1.0,3.5,销售,否,2023-04-20,2.27
102900011032022,小皱皮(份),辣椒类,15:59:48.052,1.0,3.5,销售,否,2023-04-20,2.27
102900011032022,小皱皮(份),辣椒类,18:57:00.823,1.0,2.1,销售,是,2023-04-20,2.27
102900011032022,小皱皮(份),辣椒类,19:20:34.838,1.0,3.5,销售,否,2023-04-20,2.27
102900011032022,小皱皮(份),辣椒类,19:49:51.938,1.0,2.1,销售,是,2023-04-20,2.27
102900011032022,小皱皮(份),辣椒类,19:54:14.748,1.0,3.5,销售,是,2023-04-20,2.27
102900011032022,小皱皮(份),辣椒类,20:35:53.177,1.0,2.1,销售,是,2023-04-20,2.27
102900011032022,小皱皮(份),辣椒类,20:47:52.794,1.0,2.1,销售,是,2023-04-20,2.27
102900011032022,小皱皮(份),辣椒类,09:43:08.97,1.0,3.5,销售,否,2023-04-21,2.75
102900011032022,小皱皮(份),辣椒类,09:46:19.014,1.0,3.5,销售,是,2023-04-21,2.75
102900011032022,小皱皮(份),辣椒类,09:46:19.139,1.0,3.5,销售,是,2023-04-21,2.75
102900011032022,小皱皮(份),辣椒类,10:22:10.679,1.0,2.1,销售,是,2023-04-21,2.75
102900011032022,小皱皮(份),辣椒类,10:39:29.126,1.0,2.1,销售,是,2023-04-21,2.75
102900011032022,小皱皮(份),辣椒类,10:46:31.362,1.0,3.5,销售,否,2023-04-21,2.75
102900011032022,小皱皮(份),辣椒类,11:46:39.155,1.0,3.5,销售,否,2023-04-21,2.75
102900011032022,小皱皮(份),辣椒类,11:46:41.186,1.0,3.5,销售,否,2023-04-21,2.75
102900011032022,小皱皮(份),辣椒类,12:18:24.717,1.0,3.5,销售,否,2023-04-21,2.75
102900011032022,小皱皮(份),辣椒类,12:25:31.926,1.0,3.5,销售,否,2023-04-21,2.75
102900011032022,小皱皮(份),辣椒类,12:51:32.139,1.0,3.5,销售,否,2023-04-21,2.75
102900011032022,小皱皮(份),辣椒类,15:17:06.934,1.0,3.5,销售,否,2023-04-21,2.75
102900011032022,小皱皮(份),辣椒类,15:17:07.111,1.0,3.5,销售,否,2023-04-21,2.75
102900011032022,小皱皮(份),辣椒类,16:49:30.233,1.0,3.5,销售,否,2023-04-21,2.75
102900011032022,小皱皮(份),辣椒类,17:01:46.383,1.0,3.5,销售,否,2023-04-21,2.75
102900011032022,小皱皮(份),辣椒类,17:42:56.579,1.0,3.5,销售,否,2023-04-21,2.75
102900011032022,小皱皮(份),辣椒类,17:45:03.258,1.0,2.1,销售,是,2023-04-21,2.75
102900011032022,小皱皮(份),辣椒类,17:54:59.682,1.0,3.5,销售,否,2023-04-21,2.75
102900011032022,小皱皮(份),辣椒类,18:12:44.847,1.0,3.5,销售,否,2023-04-21,2.75
102900011032022,小皱皮(份),辣椒类,18:23:32.514,1.0,3.5,销售,否,2023-04-21,2.75
102900011032022,小皱皮(份),辣椒类,18:58:18.931,1.0,3.5,销售,否,2023-04-21,2.75
102900011032022,小皱皮(份),辣椒类,19:17:25.295,1.0,3.5,销售,否,2023-04-21,2.75
102900011032022,小皱皮(份),辣椒类,20:05:11.623,1.0,3.5,销售,否,2023-04-21,2.75
102900011032022,小皱皮(份),辣椒类,20:41:15.623,1.0,3.5,销售,否,2023-04-21,2.75
102900011032022,小皱皮(份),辣椒类,21:17:41.463,1.0,3.5,销售,否,2023-04-21,2.75
102900011032022,小皱皮(份),辣椒类,21:18:19.498,1.0,3.5,销售,否,2023-04-21,2.75
102900011032022,小皱皮(份),辣椒类,10:06:04.9,1.0,3.5,销售,否,2023-04-22,2.88
102900011032022,小皱皮(份),辣椒类,10:21:55.363,1.0,3.5,销售,否,2023-04-22,2.88
102900011032022,小皱皮(份),辣椒类,10:37:19.911,1.0,3.5,销售,否,2023-04-22,2.88
102900011032022,小皱皮(份),辣椒类,10:49:29.045,1.0,3.5,销售,否,2023-04-22,2.88
102900011032022,小皱皮(份),辣椒类,10:55:02.581,1.0,3.5,销售,否,2023-04-22,2.88
102900011032022,小皱皮(份),辣椒类,10:55:36.435,1.0,3.5,销售,否,2023-04-22,2.88
102900011032022,小皱皮(份),辣椒类,11:12:19.31,1.0,3.5,销售,否,2023-04-22,2.88
102900011032022,小皱皮(份),辣椒类,11:32:42.942,1.0,3.5,销售,否,2023-04-22,2.88
102900011032022,小皱皮(份),辣椒类,11:45:28.438,1.0,3.5,销售,否,2023-04-22,2.88
102900011032022,小皱皮(份),辣椒类,12:51:41.544,1.0,3.5,销售,否,2023-04-22,2.88
102900011032022,小皱皮(份),辣椒类,13:34:41.344,1.0,3.5,销售,否,2023-04-22,2.88
102900011032022,小皱皮(份),辣椒类,13:52:51.979,1.0,3.5,销售,否,2023-04-22,2.88
102900011032022,小皱皮(份),辣椒类,15:39:26.02,1.0,3.5,销售,否,2023-04-22,2.88
102900011032022,小皱皮(份),辣椒类,16:58:03.748,1.0,3.5,销售,否,2023-04-22,2.88
102900011032022,小皱皮(份),辣椒类,17:04:18.592,1.0,3.5,销售,否,2023-04-22,2.88
102900011032022,小皱皮(份),辣椒类,17:16:43.365,1.0,3.5,销售,否,2023-04-22,2.88
102900011032022,小皱皮(份),辣椒类,17:23:32.774,1.0,3.5,销售,否,2023-04-22,2.88
102900011032022,小皱皮(份),辣椒类,17:49:25.938,1.0,3.5,销售,否,2023-04-22,2.88
102900011032022,小皱皮(份),辣椒类,17:58:47.582,1.0,3.5,销售,否,2023-04-22,2.88
102900011032022,小皱皮(份),辣椒类,18:10:02.951,1.0,3.5,销售,否,2023-04-22,2.88
102900011032022,小皱皮(份),辣椒类,18:15:54.409,1.0,3.5,销售,否,2023-04-22,2.88
102900011032022,小皱皮(份),辣椒类,18:36:30.545,1.0,3.5,销售,否,2023-04-22,2.88
102900011032022,小皱皮(份),辣椒类,18:53:47.535,1.0,3.5,销售,否,2023-04-22,2.88
102900011032022,小皱皮(份),辣椒类,19:19:40.407,1.0,3.5,销售,否,2023-04-22,2.88
102900011032022,小皱皮(份),辣椒类,19:37:21.918,1.0,3.5,销售,否,2023-04-22,2.88
102900011032022,小皱皮(份),辣椒类,20:22:45.968,1.0,2.1,销售,是,2023-04-22,2.88
102900011032022,小皱皮(份),辣椒类,09:46:04.288,1.0,3.5,销售,否,2023-04-23,3.23
102900011032022,小皱皮(份),辣椒类,09:51:03.311,1.0,3.5,销售,否,2023-04-23,3.23
102900011032022,小皱皮(份),辣椒类,09:51:34.888,1.0,3.5,销售,否,2023-04-23,3.23
102900011032022,小皱皮(份),辣椒类,10:02:58.408,1.0,3.5,销售,否,2023-04-23,3.23
102900011032022,小皱皮(份),辣椒类,10:06:49.683,1.0,3.5,销售,否,2023-04-23,3.23
102900011032022,小皱皮(份),辣椒类,10:06:49.879,1.0,3.5,销售,否,2023-04-23,3.23
102900011032022,小皱皮(份),辣椒类,10:12:15.31,1.0,3.5,销售,否,2023-04-23,3.23
102900011032022,小皱皮(份),辣椒类,10:12:15.482,1.0,3.5,销售,否,2023-04-23,3.23
102900011032022,小皱皮(份),辣椒类,10:42:21.863,1.0,3.5,销售,否,2023-04-23,3.23
102900011032022,小皱皮(份),辣椒类,11:25:55.463,1.0,3.5,销售,否,2023-04-23,3.23
102900011032022,小皱皮(份),辣椒类,11:25:55.626,1.0,3.5,销售,否,2023-04-23,3.23
102900011032022,小皱皮(份),辣椒类,11:38:16.739,1.0,3.5,销售,否,2023-04-23,3.23
102900011032022,小皱皮(份),辣椒类,11:39:23.465,1.0,3.5,销售,否,2023-04-23,3.23
102900011032022,小皱皮(份),辣椒类,11:44:54.943,1.0,3.5,销售,否,2023-04-23,3.23
102900011032022,小皱皮(份),辣椒类,12:11:41.521,1.0,3.5,销售,否,2023-04-23,3.23
102900011032022,小皱皮(份),辣椒类,15:26:55.389,1.0,3.5,销售,否,2023-04-23,3.23
102900011032022,小皱皮(份),辣椒类,15:54:09.405,1.0,3.5,销售,否,2023-04-23,3.23
102900011032022,小皱皮(份),辣椒类,15:54:11.92,1.0,3.5,销售,否,2023-04-23,3.23
102900011032022,小皱皮(份),辣椒类,16:06:10.944,1.0,3.5,销售,否,2023-04-23,3.23
102900011032022,小皱皮(份),辣椒类,16:06:11.116,1.0,3.5,销售,否,2023-04-23,3.23
102900011032022,小皱皮(份),辣椒类,16:24:18.693,1.0,3.5,销售,否,2023-04-23,3.23
102900011032022,小皱皮(份),辣椒类,16:25:25.92,1.0,3.5,销售,否,2023-04-23,3.23
102900011032022,小皱皮(份),辣椒类,18:04:34.373,1.0,3.5,销售,否,2023-04-23,3.23
102900011032022,小皱皮(份),辣椒类,18:04:37.467,1.0,3.5,销售,否,2023-04-23,3.23
102900011032022,小皱皮(份),辣椒类,09:50:40.54,1.0,3.5,销售,否,2023-04-24,3.09
102900011032022,小皱皮(份),辣椒类,10:11:15.139,1.0,3.5,销售,否,2023-04-25,3.09
102900011032022,小皱皮(份),辣椒类,12:07:56.944,1.0,3.5,销售,否,2023-04-25,3.09
102900011032022,小皱皮(份),辣椒类,15:20:19.451,1.0,3.5,销售,否,2023-04-25,3.09
102900011032022,小皱皮(份),辣椒类,15:20:21.186,1.0,3.5,销售,否,2023-04-25,3.09
102900011032022,小皱皮(份),辣椒类,16:52:43.175,1.0,3.5,销售,否,2023-04-25,3.09
102900011032022,小皱皮(份),辣椒类,18:11:15.779,1.0,3.5,销售,否,2023-04-25,3.09
102900011032022,小皱皮(份),辣椒类,18:30:02.401,1.0,3.5,销售,否,2023-04-25,3.09
102900011032022,小皱皮(份),辣椒类,18:30:48.742,1.0,3.5,销售,否,2023-04-25,3.09
102900011032022,小皱皮(份),辣椒类,20:40:33.811,1.0,3.5,销售,否,2023-04-25,3.09
102900011032022,小皱皮(份),辣椒类,21:04:37.133,1.0,3.5,销售,否,2023-04-25,3.09
102900011032022,小皱皮(份),辣椒类,21:33:07.42,1.0,3.5,销售,否,2023-04-25,3.09
102900011032022,小皱皮(份),辣椒类,09:46:05.165,1.0,3.5,销售,否,2023-04-26,3.09
102900011032022,小皱皮(份),辣椒类,09:46:05.346,1.0,3.5,销售,否,2023-04-26,3.09
102900011032022,小皱皮(份),辣椒类,17:40:01.78,1.0,3.5,销售,否,2023-04-26,3.09
102900011032022,小皱皮(份),辣椒类,17:40:04.264,1.0,3.5,销售,否,2023-04-26,3.09
102900011032022,小皱皮(份),辣椒类,21:01:14.954,1.0,3.5,销售,否,2023-04-26,3.09
102900011032022,小皱皮(份),辣椒类,09:21:56.28,1.0,3.5,销售,否,2023-04-27,3.09
102900011032022,小皱皮(份),辣椒类,09:50:00.544,1.0,3.5,销售,否,2023-04-27,3.09
102900011032022,小皱皮(份),辣椒类,10:06:25.157,1.0,3.5,销售,否,2023-04-27,3.09
102900011032022,小皱皮(份),辣椒类,13:05:58.649,1.0,3.5,销售,否,2023-04-27,3.09
102900011032022,小皱皮(份),辣椒类,17:19:58.733,1.0,3.5,销售,否,2023-04-27,3.09
102900011032022,小皱皮(份),辣椒类,17:31:24.937,1.0,3.5,销售,否,2023-04-27,3.09
102900011032022,小皱皮(份),辣椒类,17:51:53.717,1.0,3.5,销售,否,2023-04-27,3.09
102900011032022,小皱皮(份),辣椒类,20:35:35.925,1.0,2.1,销售,是,2023-04-27,3.09
102900011032022,小皱皮(份),辣椒类,21:02:55.97,1.0,2.1,销售,是,2023-04-27,3.09
102900011032022,小皱皮(份),辣椒类,21:12:07.985,1.0,3.5,销售,否,2023-04-27,3.09
102900011032022,小皱皮(份),辣椒类,09:59:57.767,1.0,3.9,销售,否,2023-04-28,3.09
102900011032022,小皱皮(份),辣椒类,13:37:04.373,1.0,3.9,销售,否,2023-04-28,3.09
102900011032022,小皱皮(份),辣椒类,15:17:41.639,1.0,3.9,销售,否,2023-04-28,3.09
102900011032022,小皱皮(份),辣椒类,17:44:44.026,1.0,3.9,销售,否,2023-04-28,3.09
102900011032022,小皱皮(份),辣椒类,19:07:16.998,1.0,3.9,销售,否,2023-04-28,3.09
102900011032022,小皱皮(份),辣椒类,19:07:19.701,1.0,3.9,销售,否,2023-04-28,3.09
102900011032022,小皱皮(份),辣椒类,19:33:45.388,1.0,3.9,销售,否,2023-04-28,3.09
102900011032022,小皱皮(份),辣椒类,19:33:45.574,1.0,3.9,销售,否,2023-04-28,3.09
102900011032022,小皱皮(份),辣椒类,19:59:50.608,1.0,3.9,销售,是,2023-04-28,3.09
102900011032022,小皱皮(份),辣椒类,20:10:45.13,1.0,2.3,销售,是,2023-04-28,3.09
102900011032022,小皱皮(份),辣椒类,20:23:00.967,1.0,3.9,销售,是,2023-04-28,3.09
102900011032022,小皱皮(份),辣椒类,20:28:40.628,1.0,2.3,销售,是,2023-04-28,3.09
102900011032022,小皱皮(份),辣椒类,10:20:31.031,1.0,3.9,销售,否,2023-04-29,3.02
102900011032022,小皱皮(份),辣椒类,10:28:38.903,1.0,3.9,销售,否,2023-04-29,3.02
102900011032022,小皱皮(份),辣椒类,10:46:16.042,1.0,3.9,销售,否,2023-04-29,3.02
102900011032022,小皱皮(份),辣椒类,11:19:19.119,1.0,3.9,销售,否,2023-04-29,3.02
102900011032022,小皱皮(份),辣椒类,11:19:19.319,1.0,3.9,销售,否,2023-04-29,3.02
102900011032022,小皱皮(份),辣椒类,15:29:19.451,1.0,3.9,销售,是,2023-04-29,3.02
102900011032022,小皱皮(份),辣椒类,17:03:24.592,1.0,3.9,销售,否,2023-04-29,3.02
102900011032022,小皱皮(份),辣椒类,17:06:20.534,1.0,3.9,销售,否,2023-04-29,3.02
102900011032022,小皱皮(份),辣椒类,17:06:20.719,1.0,3.9,销售,否,2023-04-29,3.02
102900011032022,小皱皮(份),辣椒类,17:06:23.809,1.0,3.9,销售,否,2023-04-29,3.02
102900011032022,小皱皮(份),辣椒类,17:06:23.997,1.0,3.9,销售,否,2023-04-29,3.02
102900011032022,小皱皮(份),辣椒类,17:18:09.079,1.0,3.9,销售,否,2023-04-29,3.02
102900011032022,小皱皮(份),辣椒类,18:40:25.439,1.0,3.9,销售,否,2023-04-29,3.02
102900011032022,小皱皮(份),辣椒类,18:40:27.133,1.0,3.9,销售,否,2023-04-29,3.02
102900011032022,小皱皮(份),辣椒类,18:40:27.302,1.0,3.9,销售,否,2023-04-29,3.02
102900011032022,小皱皮(份),辣椒类,18:44:56.213,1.0,3.9,销售,否,2023-04-29,3.02
102900011032022,小皱皮(份),辣椒类,19:26:12.476,1.0,3.9,销售,否,2023-04-29,3.02
102900011032022,小皱皮(份),辣椒类,19:36:38.484,1.0,2.3,销售,是,2023-04-29,3.02
102900011032022,小皱皮(份),辣椒类,19:59:52.599,1.0,2.3,销售,是,2023-04-29,3.02
102900011032022,小皱皮(份),辣椒类,20:10:06.01,1.0,2.3,销售,是,2023-04-29,3.02
102900011032022,小皱皮(份),辣椒类,20:53:02.061,1.0,3.9,销售,是,2023-04-29,3.02
102900011032022,小皱皮(份),辣椒类,20:53:04.514,1.0,3.9,销售,否,2023-04-29,3.02
102900011032022,小皱皮(份),辣椒类,21:01:27.348,1.0,2.3,销售,是,2023-04-29,3.02
102900011032022,小皱皮(份),辣椒类,21:33:27.378,1.0,2.3,销售,是,2023-04-29,3.02
102900011032022,小皱皮(份),辣椒类,21:35:09.4,1.0,3.9,销售,否,2023-04-29,3.02
102900011032022,小皱皮(份),辣椒类,21:43:37.858,1.0,3.9,销售,否,2023-04-29,3.02
102900011032022,小皱皮(份),辣椒类,11:06:57.967,1.0,4.5,销售,否,2023-04-30,3.02
102900011032022,小皱皮(份),辣椒类,16:46:10.144,1.0,4.5,销售,否,2023-04-30,3.02
102900011032022,小皱皮(份),辣椒类,18:16:10.26,1.0,4.5,销售,否,2023-04-30,3.02
102900011032022,小皱皮(份),辣椒类,19:17:31.806,1.0,4.5,销售,否,2023-04-30,3.02
102900011032022,小皱皮(份),辣椒类,20:21:13.071,1.0,2.7,销售,是,2023-04-30,3.02
102900011032022,小皱皮(份),辣椒类,09:48:41.848,1.0,4.5,销售,否,2023-05-01,3.08
102900011032022,小皱皮(份),辣椒类,09:48:42.041,1.0,4.5,销售,否,2023-05-01,3.08
102900011032022,小皱皮(份),辣椒类,09:49:36.155,1.0,4.5,销售,否,2023-05-01,3.08
102900011032022,小皱皮(份),辣椒类,10:01:06.056,1.0,4.5,销售,否,2023-05-01,3.08
102900011032022,小皱皮(份),辣椒类,10:01:06.272,1.0,4.5,销售,否,2023-05-01,3.08
102900011032022,小皱皮(份),辣椒类,10:23:19.016,1.0,4.5,销售,否,2023-05-01,3.08
102900011032022,小皱皮(份),辣椒类,11:17:48.764,1.0,4.5,销售,是,2023-05-01,3.08
102900011032022,小皱皮(份),辣椒类,11:17:53.295,1.0,4.5,销售,是,2023-05-01,3.08
102900011032022,小皱皮(份),辣椒类,11:18:47.998,1.0,4.5,销售,是,2023-05-01,3.08
102900011032022,小皱皮(份),辣椒类,11:32:14.193,1.0,4.5,销售,否,2023-05-01,3.08
102900011032022,小皱皮(份),辣椒类,12:30:27.936,1.0,4.5,销售,是,2023-05-01,3.08
102900011032022,小皱皮(份),辣椒类,14:50:54.109,1.0,4.5,销售,否,2023-05-01,3.08
102900011032022,小皱皮(份),辣椒类,17:04:23.587,1.0,2.7,销售,是,2023-05-01,3.08
102900011032022,小皱皮(份),辣椒类,17:37:52.331,1.0,4.5,销售,否,2023-05-01,3.08
102900011032022,小皱皮(份),辣椒类,21:07:11.014,1.0,4.5,销售,是,2023-05-01,3.08
102900011032022,小皱皮(份),辣椒类,21:14:14.639,1.0,4.5,销售,是,2023-05-01,3.08
102900011032022,小皱皮(份),辣椒类,21:15:23.545,1.0,4.5,销售,是,2023-05-01,3.08
102900011032022,小皱皮(份),辣椒类,21:15:25.905,1.0,4.5,销售,是,2023-05-01,3.08
102900011032022,小皱皮(份),辣椒类,10:34:17.311,1.0,4.5,销售,是,2023-05-02,3.63
102900011032022,小皱皮(份),辣椒类,12:37:19.826,1.0,4.5,销售,否,2023-05-02,3.63
102900011032022,小皱皮(份),辣椒类,12:58:54.786,1.0,4.5,销售,否,2023-05-02,3.63
102900011032022,小皱皮(份),辣椒类,13:15:47.975,1.0,2.3,销售,是,2023-05-02,3.63
102900011032022,小皱皮(份),辣椒类,13:39:11.447,1.0,4.5,销售,否,2023-05-02,3.63
102900011032022,小皱皮(份),辣椒类,14:09:17.795,1.0,4.5,销售,否,2023-05-02,3.63
102900011032022,小皱皮(份),辣椒类,17:01:39.806,1.0,2.3,销售,是,2023-05-02,3.63
102900011032022,小皱皮(份),辣椒类,17:25:33.174,1.0,4.5,销售,否,2023-05-02,3.63
102900011032022,小皱皮(份),辣椒类,18:04:30.457,1.0,4.5,销售,是,2023-05-02,3.63
102900011032022,小皱皮(份),辣椒类,21:13:25.804,1.0,2.3,销售,是,2023-05-02,3.63
102900011032022,小皱皮(份),辣椒类,21:13:26.029,1.0,2.7,销售,是,2023-05-02,3.63
102900011032022,小皱皮(份),辣椒类,21:13:26.138,1.0,2.3,销售,是,2023-05-02,3.63
102900011032022,小皱皮(份),辣椒类,09:54:06.372,1.0,4.5,销售,否,2023-05-03,3.89
102900011032022,小皱皮(份),辣椒类,09:58:17.848,1.0,4.5,销售,否,2023-05-03,3.89
102900011032022,小皱皮(份),辣椒类,10:03:44.126,1.0,4.5,销售,否,2023-05-03,3.89
102900011032022,小皱皮(份),辣椒类,11:23:52.061,1.0,2.3,销售,是,2023-05-03,3.89
102900011032022,小皱皮(份),辣椒类,11:33:10.91,1.0,2.7,销售,是,2023-05-03,3.89
102900011032022,小皱皮(份),辣椒类,16:05:25.748,1.0,4.5,销售,否,2023-05-03,3.89
102900011032022,小皱皮(份),辣椒类,17:20:52.358,1.0,4.5,销售,否,2023-05-03,3.89
102900011032022,小皱皮(份),辣椒类,17:29:51.298,1.0,4.5,销售,否,2023-05-03,3.89
102900011032022,小皱皮(份),辣椒类,18:10:24.784,1.0,4.5,销售,否,2023-05-03,3.89
102900011032022,小皱皮(份),辣椒类,18:14:03.461,1.0,4.5,销售,否,2023-05-03,3.89
102900011032022,小皱皮(份),辣椒类,18:26:41.326,1.0,4.5,销售,否,2023-05-03,3.89
102900011032022,小皱皮(份),辣椒类,19:17:46.341,1.0,4.5,销售,否,2023-05-03,3.89
102900011032022,小皱皮(份),辣椒类,09:54:56.621,1.0,5.8,销售,否,2023-05-04,3.99
102900011032022,小皱皮(份),辣椒类,11:37:40.669,1.0,5.8,销售,否,2023-05-04,3.99
102900011032022,小皱皮(份),辣椒类,12:40:52.412,1.0,5.8,销售,否,2023-05-04,3.99
102900011032022,小皱皮(份),辣椒类,17:10:10.53,1.0,5.8,销售,否,2023-05-04,3.99
102900011032022,小皱皮(份),辣椒类,18:25:19.826,1.0,5.8,销售,否,2023-05-04,3.99
102900011032022,小皱皮(份),辣椒类,18:58:02.565,1.0,5.8,销售,否,2023-05-04,3.99
102900011032022,小皱皮(份),辣椒类,09:43:24.61,1.0,5.8,销售,否,2023-05-05,3.83
102900011032022,小皱皮(份),辣椒类,15:21:29.655,1.0,5.8,销售,否,2023-05-05,3.83
102900011032022,小皱皮(份),辣椒类,16:40:58.061,1.0,5.8,销售,否,2023-05-05,3.83
102900011032022,小皱皮(份),辣椒类,17:46:16.842,1.0,5.8,销售,否,2023-05-05,3.83
102900011032022,小皱皮(份),辣椒类,18:19:03.024,1.0,5.8,销售,否,2023-05-05,3.83
102900011032022,小皱皮(份),辣椒类,21:05:47.658,1.0,3.5,销售,是,2023-05-05,3.83
102900011032022,小皱皮(份),辣椒类,09:20:07.312,1.0,7.5,销售,否,2023-05-06,3.67
102900011032022,小皱皮(份),辣椒类,19:04:26.092,1.0,7.5,销售,否,2023-05-06,3.67
102900011032022,小皱皮(份),辣椒类,20:40:23.059,1.0,4.5,销售,是,2023-05-06,3.67
102900011032022,小皱皮(份),辣椒类,09:45:17.811,1.0,7.5,销售,是,2023-05-07,3.67
102900011032022,小皱皮(份),辣椒类,09:45:20.217,1.0,7.5,销售,是,2023-05-07,3.67
102900011032022,小皱皮(份),辣椒类,11:05:35.655,1.0,7.5,销售,是,2023-05-07,3.67
102900011032022,小皱皮(份),辣椒类,15:58:14.155,1.0,7.5,销售,否,2023-05-07,3.67
102900011032022,小皱皮(份),辣椒类,11:38:01.53,1.0,7.5,销售,否,2023-05-08,3.77
102900011032022,小皱皮(份),辣椒类,12:04:35.186,1.0,7.5,销售,否,2023-05-08,3.77
102900011032022,小皱皮(份),辣椒类,12:52:19.9,1.0,7.5,销售,否,2023-05-08,3.77
102900011032022,小皱皮(份),辣椒类,13:57:26.024,1.0,7.5,销售,否,2023-05-08,3.77
102900011032022,小皱皮(份),辣椒类,13:57:26.236,1.0,7.5,销售,否,2023-05-08,3.77
102900011032022,小皱皮(份),辣椒类,14:54:50.983,1.0,7.5,销售,否,2023-05-08,3.77
102900011032022,小皱皮(份),辣椒类,18:34:32.951,1.0,7.5,销售,否,2023-05-08,3.77
102900011032022,小皱皮(份),辣椒类,20:08:19.073,1.0,5.3,销售,是,2023-05-08,3.77
102900011032022,小皱皮(份),辣椒类,20:48:20.13,1.0,4.5,销售,是,2023-05-08,3.77
102900011032022,小皱皮(份),辣椒类,20:48:20.232,1.0,4.5,销售,是,2023-05-08,3.77
102900011032022,小皱皮(份),辣椒类,12:41:18.981,1.0,8.5,销售,否,2023-05-09,3.92
102900011032022,小皱皮(份),辣椒类,13:00:26.868,1.0,8.5,销售,否,2023-05-09,3.92
102900011032022,小皱皮(份),辣椒类,13:12:12.826,1.0,8.5,销售,否,2023-05-09,3.92
102900011032022,小皱皮(份),辣椒类,13:12:14.873,1.0,8.5,销售,否,2023-05-09,3.92
102900011032022,小皱皮(份),辣椒类,13:12:17.858,1.0,8.5,销售,否,2023-05-09,3.92
102900011032022,小皱皮(份),辣椒类,13:12:22.123,1.0,8.5,销售,否,2023-05-09,3.92
102900011032022,小皱皮(份),辣椒类,14:39:41.496,1.0,8.5,销售,否,2023-05-09,3.92
102900011032022,小皱皮(份),辣椒类,17:06:59.811,1.0,8.5,销售,否,2023-05-09,3.92
102900011032022,小皱皮(份),辣椒类,18:15:26.116,1.0,8.5,销售,否,2023-05-09,3.92
102900011032022,小皱皮(份),辣椒类,18:32:14.288,1.0,8.5,销售,否,2023-05-09,3.92
102900011032022,小皱皮(份),辣椒类,14:26:42.389,1.0,8.5,销售,是,2023-05-10,3.92
102900011032022,小皱皮(份),辣椒类,17:02:39.025,1.0,5.1,销售,是,2023-05-10,3.92
102900011032022,小皱皮(份),辣椒类,17:19:19.858,1.0,8.5,销售,否,2023-05-10,3.92
102900011032022,小皱皮(份),辣椒类,17:19:24.686,1.0,8.5,销售,否,2023-05-10,3.92
102900011032022,小皱皮(份),辣椒类,21:24:58.733,1.0,8.5,销售,否,2023-05-10,3.92
102900011032022,小皱皮(份),辣椒类,21:25:11.53,1.0,8.5,销售,否,2023-05-10,3.92
102900011032022,小皱皮(份),辣椒类,18:16:00.826,1.0,8.5,销售,否,2023-05-11,3.92
102900011032022,小皱皮(份),辣椒类,20:13:22.03,1.0,8.5,销售,是,2023-05-11,3.92
102900011032022,小皱皮(份),辣椒类,10:12:04.46,1.0,8.5,销售,否,2023-05-12,4.01
102900011032022,小皱皮(份),辣椒类,17:41:18.123,1.0,8.5,销售,是,2023-05-12,4.01
102900011032022,小皱皮(份),辣椒类,18:29:14.862,1.0,4.3,销售,是,2023-05-12,4.01
102900011032022,小皱皮(份),辣椒类,18:37:06.748,1.0,8.5,销售,否,2023-05-12,4.01
102900011032022,小皱皮(份),辣椒类,19:49:02.655,1.0,8.5,销售,否,2023-05-12,4.01
102900011032022,小皱皮(份),辣椒类,19:49:14.186,1.0,8.5,销售,否,2023-05-12,4.01
102900011032022,小皱皮(份),辣椒类,09:54:22.326,1.0,8.5,销售,否,2023-05-13,4.02
102900011032022,小皱皮(份),辣椒类,16:43:11.259,1.0,4.3,销售,是,2023-05-13,4.02
102900011032022,小皱皮(份),辣椒类,16:51:55.994,1.0,8.5,销售,否,2023-05-13,4.02
102900011032022,小皱皮(份),辣椒类,21:00:41.998,1.0,8.5,销售,是,2023-05-13,4.02
102900011032022,小皱皮(份),辣椒类,21:00:46.639,1.0,8.5,销售,是,2023-05-13,4.02
102900011032022,小皱皮(份),辣椒类,21:27:18.379,1.0,5.1,销售,是,2023-05-13,4.02
102900011032022,小皱皮(份),辣椒类,11:15:05.337,1.0,8.5,销售,否,2023-05-14,5.21
102900011032022,小皱皮(份),辣椒类,15:23:21.951,1.0,8.5,销售,否,2023-05-15,4.58
102900011032022,小皱皮(份),辣椒类,16:06:31.371,1.0,8.5,销售,否,2023-05-15,4.58
102900011032022,小皱皮(份),辣椒类,18:18:59.93,1.0,8.5,销售,否,2023-05-16,3.96
102900011032022,小皱皮(份),辣椒类,19:04:19.353,1.0,8.5,销售,否,2023-05-16,3.96
102900011032022,小皱皮(份),辣椒类,20:30:28.842,1.0,8.5,销售,否,2023-05-16,3.96
102900011032022,小皱皮(份),辣椒类,20:34:23.525,1.0,8.5,销售,否,2023-05-16,3.96
102900011032022,小皱皮(份),辣椒类,10:54:11.843,1.0,8.5,销售,否,2023-05-17,3.96
102900011032022,小皱皮(份),辣椒类,11:29:17.436,1.0,8.5,销售,否,2023-05-17,3.96
102900011032022,小皱皮(份),辣椒类,18:35:56.348,1.0,8.5,销售,否,2023-05-17,3.96
102900011032022,小皱皮(份),辣椒类,21:03:12.697,1.0,8.5,销售,否,2023-05-17,3.96
102900011032022,小皱皮(份),辣椒类,21:17:34.564,1.0,8.5,销售,否,2023-05-18,4.24
102900011032022,小皱皮(份),辣椒类,17:07:58.901,1.0,8.5,销售,否,2023-05-19,4.24
102900011032022,小皱皮(份),辣椒类,18:09:25.37,1.0,8.5,销售,否,2023-05-19,4.24
102900011032022,小皱皮(份),辣椒类,21:12:50.281,1.0,5.1,销售,是,2023-05-19,4.24
102900011032022,小皱皮(份),辣椒类,10:47:41.5,1.0,8.5,销售,否,2023-05-20,4.15
102900011032022,小皱皮(份),辣椒类,10:47:41.675,1.0,8.5,销售,否,2023-05-20,4.15
102900011032022,小皱皮(份),辣椒类,14:30:11.04,1.0,8.5,销售,否,2023-05-20,4.15
102900011032022,小皱皮(份),辣椒类,18:54:14.377,1.0,8.5,销售,否,2023-05-20,4.15
102900011032022,小皱皮(份),辣椒类,09:45:18.123,1.0,7.5,销售,否,2023-05-21,4.32
102900011032022,小皱皮(份),辣椒类,10:13:34.374,1.0,7.5,销售,否,2023-05-21,4.32
102900011032022,小皱皮(份),辣椒类,11:23:19.584,1.0,7.5,销售,否,2023-05-21,4.32
102900011032022,小皱皮(份),辣椒类,11:54:08.717,1.0,7.5,销售,否,2023-05-21,4.32
102900011032022,小皱皮(份),辣椒类,12:13:13.136,1.0,7.5,销售,否,2023-05-21,4.32
102900011032022,小皱皮(份),辣椒类,12:37:32.514,1.0,7.5,销售,否,2023-05-21,4.32
102900011032022,小皱皮(份),辣椒类,14:43:46.429,1.0,7.5,销售,否,2023-05-21,4.32
102900011032022,小皱皮(份),辣椒类,14:58:24.831,1.0,7.5,销售,否,2023-05-21,4.32
102900011032022,小皱皮(份),辣椒类,16:25:04.278,1.0,7.5,销售,否,2023-05-21,4.32
102900011032022,小皱皮(份),辣椒类,17:21:58.045,1.0,7.5,销售,否,2023-05-21,4.32
102900011032022,小皱皮(份),辣椒类,17:22:00.186,1.0,7.5,销售,否,2023-05-21,4.32
102900011032022,小皱皮(份),辣椒类,18:14:24.983,1.0,7.5,销售,否,2023-05-21,4.32
102900011032022,小皱皮(份),辣椒类,18:14:27.514,1.0,7.5,销售,否,2023-05-21,4.32
102900011032022,小皱皮(份),辣椒类,18:26:58.686,1.0,7.5,销售,否,2023-05-21,4.32
102900011032022,小皱皮(份),辣椒类,18:40:27.623,1.0,7.5,销售,否,2023-05-21,4.32
102900011032022,小皱皮(份),辣椒类,18:45:41.639,1.0,7.5,销售,否,2023-05-21,4.32
102900011032022,小皱皮(份),辣椒类,10:19:41.24,1.0,7.5,销售,否,2023-05-22,3.65
102900011032022,小皱皮(份),辣椒类,10:33:35.701,1.0,7.5,销售,否,2023-05-22,3.65
102900011032022,小皱皮(份),辣椒类,10:33:37.764,1.0,7.5,销售,否,2023-05-22,3.65
102900011032022,小皱皮(份),辣椒类,18:23:35.875,1.0,7.5,销售,否,2023-05-22,3.65
102900011032022,小皱皮(份),辣椒类,10:49:38.576,1.0,7.5,销售,是,2023-05-23,3.44
102900011032022,小皱皮(份),辣椒类,15:53:59.57,1.0,7.5,销售,否,2023-05-23,3.44
102900011032022,小皱皮(份),辣椒类,16:08:35.261,1.0,7.5,销售,否,2023-05-23,3.44
102900011032022,小皱皮(份),辣椒类,16:08:35.428,1.0,7.5,销售,否,2023-05-23,3.44
102900011032022,小皱皮(份),辣椒类,16:11:39.429,1.0,4.5,销售,是,2023-05-23,3.44
102900011032022,小皱皮(份),辣椒类,16:16:33.983,1.0,7.5,销售,否,2023-05-23,3.44
102900011032022,小皱皮(份),辣椒类,17:18:23.389,1.0,7.5,销售,否,2023-05-23,3.44
102900011032022,小皱皮(份),辣椒类,17:21:55.545,1.0,7.5,销售,否,2023-05-23,3.44
102900011032022,小皱皮(份),辣椒类,18:31:19.264,1.0,7.5,销售,否,2023-05-23,3.44
102900011032022,小皱皮(份),辣椒类,19:07:04.998,1.0,7.5,销售,是,2023-05-23,3.44
102900011032022,小皱皮(份),辣椒类,09:22:48.114,1.0,5.8,销售,否,2023-05-24,3.44
102900011032022,小皱皮(份),辣椒类,11:34:54.943,1.0,5.8,销售,否,2023-05-24,3.44
102900011032022,小皱皮(份),辣椒类,13:19:42.21,1.0,5.8,销售,否,2023-05-24,3.44
102900011032022,小皱皮(份),辣椒类,21:48:07.639,1.0,5.8,销售,是,2023-05-24,3.44
102900011032022,小皱皮(份),辣椒类,10:32:53.608,1.0,5.8,销售,是,2023-05-25,2.45
102900011032022,小皱皮(份),辣椒类,10:34:43.912,1.0,5.8,销售,否,2023-05-25,2.45
102900011032022,小皱皮(份),辣椒类,14:50:59.934,1.0,5.8,销售,否,2023-05-25,2.45
102900011032022,小皱皮(份),辣椒类,14:51:00.105,1.0,5.8,销售,否,2023-05-25,2.45
102900011032022,小皱皮(份),辣椒类,15:39:54.975,1.0,2.0,销售,是,2023-05-25,2.45
102900011032022,小皱皮(份),辣椒类,16:36:31.037,1.0,3.5,销售,是,2023-05-25,2.45
102900011032022,小皱皮(份),辣椒类,18:10:49.655,1.0,5.8,销售,否,2023-05-25,2.45
102900011032022,小皱皮(份),辣椒类,20:03:52.576,1.0,5.8,销售,否,2023-05-25,2.45
102900011032022,小皱皮(份),辣椒类,20:16:05.268,1.0,3.5,销售,是,2023-05-25,2.45
102900011032022,小皱皮(份),辣椒类,20:16:05.371,1.0,5.8,销售,否,2023-05-25,2.45
102900011032022,小皱皮(份),辣椒类,20:18:39.343,1.0,3.5,销售,是,2023-05-25,2.45
102900011032022,小皱皮(份),辣椒类,11:29:24.451,1.0,5.8,销售,否,2023-05-26,2.81
102900011032022,小皱皮(份),辣椒类,12:04:56.561,1.0,5.8,销售,否,2023-05-26,2.81
102900011032022,小皱皮(份),辣椒类,15:46:22.355,1.0,5.8,销售,否,2023-05-26,2.81
102900011032022,小皱皮(份),辣椒类,15:51:08.826,1.0,5.8,销售,否,2023-05-26,2.81
102900011032022,小皱皮(份),辣椒类,17:11:32.826,1.0,5.8,销售,否,2023-05-26,2.81
102900011032022,小皱皮(份),辣椒类,17:31:47.345,1.0,5.8,销售,否,2023-05-26,2.81
102900011032022,小皱皮(份),辣椒类,17:42:26.936,1.0,5.8,销售,否,2023-05-26,2.81
102900011032022,小皱皮(份),辣椒类,17:55:07.994,1.0,5.8,销售,否,2023-05-26,2.81
102900011032022,小皱皮(份),辣椒类,18:30:56.748,1.0,5.8,销售,否,2023-05-26,2.81
102900011032022,小皱皮(份),辣椒类,19:02:10.286,1.0,5.8,销售,否,2023-05-26,2.81
102900011032022,小皱皮(份),辣椒类,19:37:57.884,1.0,5.8,销售,否,2023-05-26,2.81
102900011032022,小皱皮(份),辣椒类,19:52:12.251,1.0,5.8,销售,否,2023-05-26,2.81
102900011032022,小皱皮(份),辣椒类,09:51:30.078,1.0,5.8,销售,否,2023-05-27,2.67
102900011032022,小皱皮(份),辣椒类,10:01:08.748,1.0,5.8,销售,否,2023-05-27,2.67
102900011032022,小皱皮(份),辣椒类,11:19:59.965,1.0,5.8,销售,否,2023-05-27,2.67
102900011032022,小皱皮(份),辣椒类,14:29:47.311,1.0,5.8,销售,否,2023-05-27,2.67
102900011032022,小皱皮(份),辣椒类,14:49:19.495,1.0,5.8,销售,否,2023-05-27,2.67
102900011032022,小皱皮(份),辣椒类,15:29:53.359,1.0,5.8,销售,否,2023-05-27,2.67
102900011032022,小皱皮(份),辣椒类,10:04:09.181,1.0,5.8,销售,否,2023-05-28,2.52
102900011032022,小皱皮(份),辣椒类,10:11:40.447,1.0,5.8,销售,否,2023-05-28,2.52
102900011032022,小皱皮(份),辣椒类,10:26:12.592,1.0,5.8,销售,否,2023-05-28,2.52
102900011032022,小皱皮(份),辣椒类,10:28:47.983,1.0,5.8,销售,否,2023-05-28,2.52
102900011032022,小皱皮(份),辣椒类,11:01:27.442,1.0,5.8,销售,否,2023-05-28,2.52
102900011032022,小皱皮(份),辣椒类,14:23:31.014,1.0,5.8,销售,否,2023-05-28,2.52
102900011032022,小皱皮(份),辣椒类,14:23:31.811,1.0,5.8,销售,否,2023-05-28,2.52
102900011032022,小皱皮(份),辣椒类,14:36:50.561,1.0,5.8,销售,否,2023-05-28,2.52
102900011032022,小皱皮(份),辣椒类,16:27:09.889,1.0,5.8,销售,否,2023-05-28,2.52
102900011032022,小皱皮(份),辣椒类,18:24:13.951,1.0,5.8,销售,否,2023-05-28,2.52
102900011032022,小皱皮(份),辣椒类,18:25:17.561,1.0,5.8,销售,否,2023-05-28,2.52
102900011032022,小皱皮(份),辣椒类,18:32:24.965,1.0,5.8,销售,否,2023-05-28,2.52
102900011032022,小皱皮(份),辣椒类,20:56:51.686,1.0,5.8,销售,是,2023-05-28,2.52
102900011032022,小皱皮(份),辣椒类,10:01:50.214,1.0,5.8,销售,否,2023-05-29,2.46
102900011032022,小皱皮(份),辣椒类,10:06:04.619,1.0,5.8,销售,否,2023-05-29,2.46
102900011032022,小皱皮(份),辣椒类,10:37:48.545,1.0,5.8,销售,否,2023-05-29,2.46
102900011032022,小皱皮(份),辣椒类,12:32:51.795,1.0,3.5,销售,是,2023-05-29,2.46
102900011032022,小皱皮(份),辣椒类,14:12:11.108,1.0,5.8,销售,否,2023-05-29,2.46
102900011032022,小皱皮(份),辣椒类,14:54:12.173,1.0,3.5,销售,是,2023-05-29,2.46
102900011032022,小皱皮(份),辣椒类,14:54:12.276,1.0,5.8,销售,否,2023-05-29,2.46
102900011032022,小皱皮(份),辣椒类,19:27:19.395,1.0,5.8,销售,否,2023-05-29,2.46
102900011032022,小皱皮(份),辣椒类,10:05:22.016,1.0,5.8,销售,否,2023-05-30,2.7
102900011032022,小皱皮(份),辣椒类,12:31:45.772,1.0,5.8,销售,否,2023-05-30,2.7
102900011032022,小皱皮(份),辣椒类,16:44:43.248,1.0,5.8,销售,否,2023-05-30,2.7
102900011032022,小皱皮(份),辣椒类,17:59:17.362,1.0,5.8,销售,否,2023-05-30,2.7
102900011032022,小皱皮(份),辣椒类,18:08:56.317,1.0,5.8,销售,否,2023-05-30,2.7
102900011032022,小皱皮(份),辣椒类,18:08:56.864,1.0,5.8,销售,否,2023-05-30,2.7
102900011032022,小皱皮(份),辣椒类,18:50:58.436,1.0,5.8,销售,是,2023-05-30,2.7
102900011032022,小皱皮(份),辣椒类,19:30:53.623,1.0,5.8,销售,否,2023-05-30,2.7
102900011032022,小皱皮(份),辣椒类,19:36:00.462,1.0,5.8,销售,否,2023-05-30,2.7
102900011032022,小皱皮(份),辣椒类,19:36:00.65,1.0,5.8,销售,否,2023-05-30,2.7
102900011032022,小皱皮(份),辣椒类,09:14:00.958,1.0,5.8,销售,否,2023-05-31,2.7
102900011032022,小皱皮(份),辣椒类,11:47:35.568,1.0,5.8,销售,否,2023-05-31,2.7
102900011032022,小皱皮(份),辣椒类,14:10:22.698,1.0,5.8,销售,否,2023-05-31,2.7
102900011032022,小皱皮(份),辣椒类,17:16:10.217,1.0,5.8,销售,否,2023-05-31,2.7
102900011032022,小皱皮(份),辣椒类,20:34:57.451,1.0,5.8,销售,否,2023-05-31,2.7
102900011032022,小皱皮(份),辣椒类,09:40:12.09,1.0,5.8,销售,否,2023-06-01,2.5
102900011032022,小皱皮(份),辣椒类,10:46:36.545,1.0,5.8,销售,否,2023-06-01,2.5
102900011032022,小皱皮(份),辣椒类,11:55:34.991,1.0,5.8,销售,否,2023-06-01,2.5
102900011032022,小皱皮(份),辣椒类,13:05:55.656,1.0,5.8,销售,否,2023-06-01,2.5
102900011032022,小皱皮(份),辣椒类,14:56:12.007,1.0,5.8,销售,否,2023-06-01,2.5
102900011032022,小皱皮(份),辣椒类,16:33:20.206,1.0,5.8,销售,否,2023-06-01,2.5
102900011032022,小皱皮(份),辣椒类,17:09:14.183,1.0,5.8,销售,否,2023-06-01,2.5
102900011032022,小皱皮(份),辣椒类,18:02:14.545,1.0,5.8,销售,否,2023-06-01,2.5
102900011032022,小皱皮(份),辣椒类,18:18:49.092,1.0,5.8,销售,否,2023-06-01,2.5
102900011032022,小皱皮(份),辣椒类,18:28:01.174,1.0,5.8,销售,否,2023-06-01,2.5
102900011032022,小皱皮(份),辣椒类,19:46:20.33,1.0,5.8,销售,否,2023-06-01,2.5
102900011032022,小皱皮(份),辣椒类,10:07:34.773,1.0,3.8,销售,否,2023-06-02,2.67
102900011032022,小皱皮(份),辣椒类,10:46:23.139,1.0,3.8,销售,否,2023-06-02,2.67
102900011032022,小皱皮(份),辣椒类,11:03:33.094,1.0,3.8,销售,否,2023-06-02,2.67
102900011032022,小皱皮(份),辣椒类,11:03:33.282,1.0,3.8,销售,否,2023-06-02,2.67
102900011032022,小皱皮(份),辣椒类,11:49:20.201,1.0,3.8,销售,否,2023-06-02,2.67
102900011032022,小皱皮(份),辣椒类,12:03:04.308,1.0,3.8,销售,否,2023-06-02,2.67
102900011032022,小皱皮(份),辣椒类,14:46:40.608,1.0,3.8,销售,否,2023-06-02,2.67
102900011032022,小皱皮(份),辣椒类,17:08:01.733,1.0,3.8,销售,否,2023-06-02,2.67
102900011032022,小皱皮(份),辣椒类,17:49:45.248,1.0,3.8,销售,否,2023-06-02,2.67
102900011032022,小皱皮(份),辣椒类,17:49:46.248,1.0,3.8,销售,否,2023-06-02,2.67
102900011032022,小皱皮(份),辣椒类,18:03:10.799,1.0,3.8,销售,否,2023-06-02,2.67
102900011032022,小皱皮(份),辣椒类,18:30:19.468,1.0,3.8,销售,否,2023-06-02,2.67
102900011032022,小皱皮(份),辣椒类,18:48:30.573,1.0,3.8,销售,否,2023-06-02,2.67
102900011032022,小皱皮(份),辣椒类,20:44:21.67,1.0,3.8,销售,否,2023-06-02,2.67
102900011032022,小皱皮(份),辣椒类,20:44:57.686,1.0,3.8,销售,否,2023-06-02,2.67
102900011032022,小皱皮(份),辣椒类,09:26:00.588,1.0,3.8,销售,否,2023-06-03,2.54
102900011032022,小皱皮(份),辣椒类,09:37:23.217,1.0,3.8,销售,否,2023-06-03,2.54
102900011032022,小皱皮(份),辣椒类,09:39:36.98,1.0,3.8,销售,否,2023-06-03,2.54
102900011032022,小皱皮(份),辣椒类,10:51:39.447,1.0,3.8,销售,否,2023-06-03,2.54
102900011032022,小皱皮(份),辣椒类,10:57:10.396,1.0,3.8,销售,否,2023-06-03,2.54
102900011032022,小皱皮(份),辣椒类,11:08:35.617,1.0,3.8,销售,否,2023-06-03,2.54
102900011032022,小皱皮(份),辣椒类,11:39:46.314,1.0,3.8,销售,否,2023-06-03,2.54
102900011032022,小皱皮(份),辣椒类,12:04:20.014,1.0,3.8,销售,否,2023-06-03,2.54
102900011032022,小皱皮(份),辣椒类,13:47:40.739,1.0,3.8,销售,否,2023-06-03,2.54
102900011032022,小皱皮(份),辣椒类,14:43:33.905,1.0,3.8,销售,否,2023-06-03,2.54
102900011032022,小皱皮(份),辣椒类,14:43:39.201,1.0,3.8,销售,否,2023-06-03,2.54
102900011032022,小皱皮(份),辣椒类,18:24:52.561,1.0,3.8,销售,否,2023-06-03,2.54
102900011032022,小皱皮(份),辣椒类,20:36:01.886,1.0,2.3,销售,是,2023-06-03,2.54
102900011032022,小皱皮(份),辣椒类,21:59:20.225,1.0,3.8,销售,否,2023-06-03,2.54
102900011032022,小皱皮(份),辣椒类,10:29:40.81,1.0,3.8,销售,否,2023-06-04,2.6
102900011032022,小皱皮(份),辣椒类,10:29:41.161,1.0,3.8,销售,否,2023-06-04,2.6
102900011032022,小皱皮(份),辣椒类,10:34:58.386,1.0,3.8,销售,否,2023-06-04,2.6
102900011032022,小皱皮(份),辣椒类,10:35:53.009,1.0,3.8,销售,否,2023-06-04,2.6
102900011032022,小皱皮(份),辣椒类,11:11:49.495,1.0,3.8,销售,否,2023-06-04,2.6
102900011032022,小皱皮(份),辣椒类,11:36:17.03,1.0,3.8,销售,否,2023-06-04,2.6
102900011032022,小皱皮(份),辣椒类,13:07:04.512,1.0,3.8,销售,否,2023-06-04,2.6
102900011032022,小皱皮(份),辣椒类,14:41:41.825,1.0,3.8,销售,否,2023-06-04,2.6
102900011032022,小皱皮(份),辣椒类,15:18:53.983,1.0,3.8,销售,否,2023-06-04,2.6
102900011032022,小皱皮(份),辣椒类,15:39:06.68,1.0,3.8,销售,否,2023-06-04,2.6
102900011032022,小皱皮(份),辣椒类,16:55:32.795,1.0,3.8,销售,否,2023-06-04,2.6
102900011032022,小皱皮(份),辣椒类,17:02:38.107,1.0,3.8,销售,否,2023-06-04,2.6
102900011032022,小皱皮(份),辣椒类,17:33:29.467,1.0,3.8,销售,否,2023-06-04,2.6
102900011032022,小皱皮(份),辣椒类,18:03:34.927,1.0,3.8,销售,否,2023-06-04,2.6
102900011032022,小皱皮(份),辣椒类,18:48:24.842,1.0,3.8,销售,否,2023-06-04,2.6
102900011032022,小皱皮(份),辣椒类,09:36:01.571,1.0,3.8,销售,否,2023-06-05,2.68
102900011032022,小皱皮(份),辣椒类,10:50:59.049,1.0,3.8,销售,否,2023-06-05,2.68
102900011032022,小皱皮(份),辣椒类,10:55:20.714,1.0,3.8,销售,否,2023-06-05,2.68
102900011032022,小皱皮(份),辣椒类,11:38:32.679,1.0,3.8,销售,否,2023-06-05,2.68
102900011032022,小皱皮(份),辣椒类,12:04:29.701,1.0,3.8,销售,否,2023-06-05,2.68
102900011032022,小皱皮(份),辣椒类,14:36:26.518,1.0,3.8,销售,否,2023-06-05,2.68
102900011032022,小皱皮(份),辣椒类,19:47:11.428,1.0,3.8,销售,否,2023-06-05,2.68
102900011032022,小皱皮(份),辣椒类,19:55:30.535,1.0,3.8,销售,否,2023-06-05,2.68
102900011032022,小皱皮(份),辣椒类,19:55:30.925,1.0,2.3,销售,是,2023-06-05,2.68
102900011032022,小皱皮(份),辣椒类,19:55:31.039,1.0,3.8,销售,否,2023-06-05,2.68
102900011032022,小皱皮(份),辣椒类,20:26:00.498,1.0,2.3,销售,是,2023-06-05,2.68
102900011032022,小皱皮(份),辣椒类,10:33:12.736,1.0,2.3,销售,是,2023-06-06,2.71
102900011032022,小皱皮(份),辣椒类,11:09:11.75,1.0,2.3,销售,是,2023-06-06,2.71
102900011032022,小皱皮(份),辣椒类,15:50:29.489,1.0,3.8,销售,否,2023-06-06,2.71
102900011032022,小皱皮(份),辣椒类,17:24:42.069,1.0,3.8,销售,否,2023-06-06,2.71
102900011032022,小皱皮(份),辣椒类,18:41:46.092,1.0,3.8,销售,否,2023-06-06,2.71
102900011032022,小皱皮(份),辣椒类,18:41:54.17,1.0,3.8,销售,否,2023-06-06,2.71
102900011032022,小皱皮(份),辣椒类,20:02:23.67,1.0,3.8,销售,是,2023-06-06,2.71
102900011032022,小皱皮(份),辣椒类,20:04:10.873,1.0,3.8,销售,否,2023-06-06,2.71
102900011032022,小皱皮(份),辣椒类,20:36:19.873,1.0,3.8,销售,否,2023-06-06,2.71
102900011032022,小皱皮(份),辣椒类,20:55:13.092,1.0,2.3,销售,是,2023-06-06,2.71
102900011032022,小皱皮(份),辣椒类,20:55:13.208,1.0,2.3,销售,是,2023-06-06,2.71
102900011032022,小皱皮(份),辣椒类,21:03:30.344,1.0,3.8,销售,否,2023-06-06,2.71
102900011032022,小皱皮(份),辣椒类,21:26:05.701,1.0,3.8,销售,否,2023-06-06,2.71
102900011032022,小皱皮(份),辣椒类,11:04:46.608,1.0,3.8,销售,否,2023-06-07,2.17
102900011032022,小皱皮(份),辣椒类,16:21:33.519,1.0,3.8,销售,否,2023-06-07,2.17
102900011032022,小皱皮(份),辣椒类,17:12:56.444,1.0,3.8,销售,否,2023-06-07,2.17
102900011032022,小皱皮(份),辣椒类,20:10:16.122,1.0,2.3,销售,是,2023-06-07,2.17
102900011032022,小皱皮(份),辣椒类,20:27:25.799,1.0,2.3,销售,是,2023-06-07,2.17
102900011032022,小皱皮(份),辣椒类,20:50:30.674,1.0,2.3,销售,是,2023-06-07,2.17
102900011032022,小皱皮(份),辣椒类,20:50:53.519,1.0,3.8,销售,否,2023-06-07,2.17
102900011032022,小皱皮(份),辣椒类,20:56:51.683,1.0,3.8,销售,否,2023-06-07,2.17
102900011032022,小皱皮(份),辣椒类,09:34:58.331,1.0,3.5,销售,否,2023-06-08,2.17
102900011032022,小皱皮(份),辣椒类,10:06:17.592,1.0,3.5,销售,否,2023-06-08,2.17
102900011032022,小皱皮(份),辣椒类,12:04:47.676,1.0,3.5,销售,否,2023-06-08,2.17
102900011032022,小皱皮(份),辣椒类,12:25:05.505,1.0,3.5,销售,否,2023-06-08,2.17
102900011032022,小皱皮(份),辣椒类,16:32:48.616,1.0,3.5,销售,否,2023-06-08,2.17
102900011032022,小皱皮(份),辣椒类,18:20:49.948,1.0,3.5,销售,否,2023-06-08,2.17
102900011032022,小皱皮(份),辣椒类,18:20:50.501,1.0,3.5,销售,否,2023-06-08,2.17
102900011032022,小皱皮(份),辣椒类,19:34:41.77,1.0,3.5,销售,否,2023-06-08,2.17
102900011032022,小皱皮(份),辣椒类,20:01:09.998,1.0,3.5,销售,否,2023-06-08,2.17
102900011032022,小皱皮(份),辣椒类,20:27:49.83,1.0,3.5,销售,否,2023-06-08,2.17
102900011032022,小皱皮(份),辣椒类,20:34:17.842,1.0,3.5,销售,否,2023-06-08,2.17
102900011032022,小皱皮(份),辣椒类,20:34:21.326,1.0,3.5,销售,否,2023-06-08,2.17
102900011032022,小皱皮(份),辣椒类,11:34:48.504,1.0,3.5,销售,否,2023-06-09,2.12
102900011032022,小皱皮(份),辣椒类,12:49:57.873,1.0,3.5,销售,否,2023-06-09,2.12
102900011032022,小皱皮(份),辣椒类,12:49:58.052,1.0,3.5,销售,否,2023-06-09,2.12
102900011032022,小皱皮(份),辣椒类,12:59:02.826,1.0,3.5,销售,否,2023-06-09,2.12
102900011032022,小皱皮(份),辣椒类,14:14:36.175,1.0,3.5,销售,否,2023-06-09,2.12
102900011032022,小皱皮(份),辣椒类,16:03:10.611,1.0,3.5,销售,否,2023-06-09,2.12
102900011032022,小皱皮(份),辣椒类,16:16:05.755,1.0,3.5,销售,否,2023-06-09,2.12
102900011032022,小皱皮(份),辣椒类,18:33:59.285,1.0,3.5,销售,否,2023-06-09,2.12
102900011032022,小皱皮(份),辣椒类,19:36:06.146,1.0,3.5,销售,否,2023-06-09,2.12
102900011032022,小皱皮(份),辣椒类,19:37:12.623,1.0,3.5,销售,否,2023-06-09,2.12
102900011032022,小皱皮(份),辣椒类,20:50:26.373,1.0,3.5,销售,是,2023-06-09,2.12
102900011032022,小皱皮(份),辣椒类,21:20:14.686,1.0,3.5,销售,是,2023-06-09,2.12
102900011032022,小皱皮(份),辣椒类,21:24:57.217,1.0,3.5,销售,是,2023-06-09,2.12
102900011032022,小皱皮(份),辣椒类,21:25:37.098,1.0,2.1,销售,是,2023-06-09,2.12
102900011032022,小皱皮(份),辣椒类,21:25:37.223,1.0,2.1,销售,是,2023-06-09,2.12
102900011032022,小皱皮(份),辣椒类,09:45:35.088,1.0,2.9,销售,否,2023-06-10,1.96
102900011032022,小皱皮(份),辣椒类,09:58:47.997,1.0,2.9,销售,否,2023-06-10,1.96
102900011032022,小皱皮(份),辣椒类,10:16:37.188,1.0,2.9,销售,否,2023-06-10,1.96
102900011032022,小皱皮(份),辣椒类,10:22:14.908,1.0,2.9,销售,否,2023-06-10,1.96
102900011032022,小皱皮(份),辣椒类,10:30:23.514,1.0,2.9,销售,否,2023-06-10,1.96
102900011032022,小皱皮(份),辣椒类,10:36:45.397,1.0,2.9,销售,否,2023-06-10,1.96
102900011032022,小皱皮(份),辣椒类,10:36:59.076,1.0,2.9,销售,否,2023-06-10,1.96
102900011032022,小皱皮(份),辣椒类,10:37:31.405,1.0,2.9,销售,否,2023-06-10,1.96
102900011032022,小皱皮(份),辣椒类,11:08:45.913,1.0,2.9,销售,否,2023-06-10,1.96
102900011032022,小皱皮(份),辣椒类,11:26:42.811,1.0,2.9,销售,否,2023-06-10,1.96
102900011032022,小皱皮(份),辣椒类,11:27:45.541,1.0,2.9,销售,否,2023-06-10,1.96
102900011032022,小皱皮(份),辣椒类,11:28:51.397,1.0,2.9,销售,否,2023-06-10,1.96
102900011032022,小皱皮(份),辣椒类,11:38:20.123,1.0,2.9,销售,否,2023-06-10,1.96
102900011032022,小皱皮(份),辣椒类,14:18:21.412,1.0,2.9,销售,否,2023-06-10,1.96
102900011032022,小皱皮(份),辣椒类,16:15:22.87,1.0,2.9,销售,否,2023-06-10,1.96
102900011032022,小皱皮(份),辣椒类,16:18:25.947,1.0,2.9,销售,否,2023-06-10,1.96
102900011032022,小皱皮(份),辣椒类,16:35:54.28,1.0,2.9,销售,否,2023-06-10,1.96
102900011032022,小皱皮(份),辣椒类,17:06:26.27,1.0,2.9,销售,否,2023-06-10,1.96
102900011032022,小皱皮(份),辣椒类,17:14:24.25,1.0,2.9,销售,否,2023-06-10,1.96
102900011032022,小皱皮(份),辣椒类,18:03:46.701,1.0,2.9,销售,否,2023-06-10,1.96
102900011032022,小皱皮(份),辣椒类,18:25:11.813,1.0,2.9,销售,否,2023-06-10,1.96
102900011032022,小皱皮(份),辣椒类,18:49:14.789,1.0,2.9,销售,否,2023-06-10,1.96
102900011032022,小皱皮(份),辣椒类,18:54:24.219,1.0,2.9,销售,否,2023-06-10,1.96
102900011032022,小皱皮(份),辣椒类,19:06:34.905,1.0,2.9,销售,否,2023-06-10,1.96
102900011032022,小皱皮(份),辣椒类,19:39:38.696,1.0,2.9,销售,否,2023-06-10,1.96
102900011032022,小皱皮(份),辣椒类,19:40:46.326,1.0,2.9,销售,是,2023-06-10,1.96
102900011032022,小皱皮(份),辣椒类,19:50:07.443,1.0,2.9,销售,否,2023-06-10,1.96
102900011032022,小皱皮(份),辣椒类,20:40:09.663,1.0,1.7,销售,是,2023-06-10,1.96
102900011032022,小皱皮(份),辣椒类,21:29:24.638,1.0,1.7,销售,是,2023-06-10,1.96
102900011032022,小皱皮(份),辣椒类,09:39:08.854,1.0,2.9,销售,否,2023-06-11,1.82
102900011032022,小皱皮(份),辣椒类,10:32:30.494,1.0,2.9,销售,否,2023-06-11,1.82
102900011032022,小皱皮(份),辣椒类,10:34:07.951,1.0,2.9,销售,否,2023-06-11,1.82
102900011032022,小皱皮(份),辣椒类,11:14:38.056,1.0,2.9,销售,否,2023-06-11,1.82
102900011032022,小皱皮(份),辣椒类,11:18:24.31,1.0,2.9,销售,否,2023-06-11,1.82
102900011032022,小皱皮(份),辣椒类,11:34:54.358,1.0,2.9,销售,否,2023-06-11,1.82
102900011032022,小皱皮(份),辣椒类,11:38:53.967,1.0,2.9,销售,否,2023-06-11,1.82
102900011032022,小皱皮(份),辣椒类,12:33:31.48,1.0,2.9,销售,否,2023-06-11,1.82
102900011032022,小皱皮(份),辣椒类,13:01:01.842,1.0,2.9,销售,否,2023-06-11,1.82
102900011032022,小皱皮(份),辣椒类,13:31:10.19,1.0,2.9,销售,否,2023-06-11,1.82
102900011032022,小皱皮(份),辣椒类,13:33:21.639,1.0,2.9,销售,否,2023-06-11,1.82
102900011032022,小皱皮(份),辣椒类,13:33:21.82,1.0,2.9,销售,否,2023-06-11,1.82
102900011032022,小皱皮(份),辣椒类,13:33:21.995,1.0,2.9,销售,否,2023-06-11,1.82
102900011032022,小皱皮(份),辣椒类,16:23:07.522,1.0,2.9,销售,否,2023-06-11,1.82
102900011032022,小皱皮(份),辣椒类,16:36:02.76,1.0,2.9,销售,否,2023-06-11,1.82
102900011032022,小皱皮(份),辣椒类,16:56:04.594,1.0,2.9,销售,否,2023-06-11,1.82
102900011032022,小皱皮(份),辣椒类,17:48:17.321,1.0,2.9,销售,否,2023-06-11,1.82
102900011032022,小皱皮(份),辣椒类,17:51:01.139,1.0,2.9,销售,否,2023-06-11,1.82
102900011032022,小皱皮(份),辣椒类,17:52:46.295,1.0,2.9,销售,否,2023-06-11,1.82
102900011032022,小皱皮(份),辣椒类,18:18:13.543,1.0,2.9,销售,否,2023-06-11,1.82
102900011032022,小皱皮(份),辣椒类,18:47:10.826,1.0,2.9,销售,否,2023-06-11,1.82
102900011032022,小皱皮(份),辣椒类,18:47:12.28,1.0,2.9,销售,否,2023-06-11,1.82
102900011032022,小皱皮(份),辣椒类,19:25:06.403,1.0,1.7,销售,是,2023-06-11,1.82
102900011032022,小皱皮(份),辣椒类,19:25:07.283,1.0,1.7,销售,是,2023-06-11,1.82
102900011032022,小皱皮(份),辣椒类,21:02:59.487,1.0,2.9,销售,否,2023-06-11,1.82
102900011032022,小皱皮(份),辣椒类,21:02:59.655,1.0,1.7,销售,是,2023-06-11,1.82
102900011032022,小皱皮(份),辣椒类,21:03:00.232,1.0,2.9,销售,否,2023-06-11,1.82
102900011032022,小皱皮(份),辣椒类,21:03:36.233,1.0,2.9,销售,是,2023-06-11,1.82
102900011032022,小皱皮(份),辣椒类,21:07:18.303,1.0,1.7,销售,是,2023-06-11,1.82
102900011032022,小皱皮(份),辣椒类,13:24:06.076,1.0,2.9,销售,否,2023-06-12,1.1
102900011032022,小皱皮(份),辣椒类,13:24:06.455,1.0,2.9,销售,否,2023-06-12,1.1
102900011032022,小皱皮(份),辣椒类,14:58:40.332,1.0,2.9,销售,否,2023-06-12,1.1
102900011032022,小皱皮(份),辣椒类,15:02:26.666,1.0,2.9,销售,否,2023-06-12,1.1
102900011032022,小皱皮(份),辣椒类,16:47:03.983,1.0,2.9,销售,否,2023-06-12,1.1
102900011032022,小皱皮(份),辣椒类,17:10:45.054,1.0,2.9,销售,否,2023-06-12,1.1
102900011032022,小皱皮(份),辣椒类,17:26:32.885,1.0,2.9,销售,否,2023-06-12,1.1
102900011032022,小皱皮(份),辣椒类,18:22:55.546,1.0,2.9,销售,否,2023-06-12,1.1
102900011032022,小皱皮(份),辣椒类,19:23:35.443,1.0,2.9,销售,否,2023-06-12,1.1
102900011032022,小皱皮(份),辣椒类,21:07:50.837,1.0,1.7,销售,是,2023-06-12,1.1
102900011032022,小皱皮(份),辣椒类,09:32:27.655,1.0,2.9,销售,否,2023-06-13,1.11
102900011032022,小皱皮(份),辣椒类,09:32:27.882,1.0,2.9,销售,否,2023-06-13,1.11
102900011032022,小皱皮(份),辣椒类,09:46:19.248,1.0,2.9,销售,否,2023-06-13,1.11
102900011032022,小皱皮(份),辣椒类,09:53:17.767,1.0,2.9,销售,否,2023-06-13,1.11
102900011032022,小皱皮(份),辣椒类,11:08:00.584,1.0,2.9,销售,否,2023-06-13,1.11
102900011032022,小皱皮(份),辣椒类,11:17:44.562,1.0,2.9,销售,否,2023-06-13,1.11
102900011032022,小皱皮(份),辣椒类,13:03:47.467,1.0,2.9,销售,否,2023-06-13,1.11
102900011032022,小皱皮(份),辣椒类,13:04:02.998,1.0,2.9,销售,否,2023-06-13,1.11
102900011032022,小皱皮(份),辣椒类,14:24:35.342,1.0,2.9,销售,否,2023-06-13,1.11
102900011032022,小皱皮(份),辣椒类,17:41:39.038,1.0,2.9,销售,否,2023-06-13,1.11
102900011032022,小皱皮(份),辣椒类,20:07:32.148,1.0,2.9,销售,否,2023-06-13,1.11
102900011032022,小皱皮(份),辣椒类,20:07:32.347,1.0,2.9,销售,否,2023-06-13,1.11
102900011032022,小皱皮(份),辣椒类,20:35:47.812,1.0,1.7,销售,是,2023-06-13,1.11
102900011032022,小皱皮(份),辣椒类,21:28:06.206,1.0,1.7,销售,是,2023-06-13,1.11
102900011032022,小皱皮(份),辣椒类,21:28:06.318,1.0,1.7,销售,是,2023-06-13,1.11
102900011032022,小皱皮(份),辣椒类,21:28:31.834,1.0,2.9,销售,否,2023-06-13,1.11
102900011032022,小皱皮(份),辣椒类,21:28:32.033,1.0,1.7,销售,是,2023-06-13,1.11
102900011032022,小皱皮(份),辣椒类,10:42:41.373,1.0,2.9,销售,否,2023-06-14,1.63
102900011032022,小皱皮(份),辣椒类,11:59:41.873,1.0,2.9,销售,否,2023-06-14,1.63
102900011032022,小皱皮(份),辣椒类,11:59:45.92,1.0,2.9,销售,否,2023-06-14,1.63
102900011032022,小皱皮(份),辣椒类,13:47:26.75,1.0,2.9,销售,否,2023-06-14,1.63
102900011032022,小皱皮(份),辣椒类,14:11:36.746,1.0,2.9,销售,否,2023-06-14,1.63
102900011032022,小皱皮(份),辣椒类,14:57:47.403,1.0,2.9,销售,否,2023-06-14,1.63
102900011032022,小皱皮(份),辣椒类,15:03:24.666,1.0,2.9,销售,否,2023-06-14,1.63
102900011032022,小皱皮(份),辣椒类,17:51:31.796,1.0,2.9,销售,否,2023-06-14,1.63
102900011032022,小皱皮(份),辣椒类,18:35:06.805,1.0,2.9,销售,否,2023-06-14,1.63
102900011032022,小皱皮(份),辣椒类,20:38:10.765,1.0,2.9,销售,否,2023-06-14,1.63
102900011032022,小皱皮(份),辣椒类,20:45:57.155,1.0,2.9,销售,否,2023-06-14,1.63
102900011032022,小皱皮(份),辣椒类,21:11:27.512,1.0,2.9,销售,否,2023-06-14,1.63
102900011032022,小皱皮(份),辣椒类,16:51:01.342,1.0,2.9,销售,否,2023-06-15,1.63
102900011032022,小皱皮(份),辣椒类,17:39:09.521,1.0,2.9,销售,否,2023-06-15,1.63
102900011032022,小皱皮(份),辣椒类,18:29:00.733,1.0,2.9,销售,否,2023-06-15,1.63
102900011032022,小皱皮(份),辣椒类,20:04:48.701,1.0,2.9,销售,否,2023-06-15,1.63
102900011032022,小皱皮(份),辣椒类,20:08:44.601,1.0,2.9,销售,否,2023-06-15,1.63
102900011032022,小皱皮(份),辣椒类,20:36:10.811,1.0,2.9,销售,是,2023-06-15,1.63
102900011032022,小皱皮(份),辣椒类,20:39:31.005,1.0,1.7,销售,是,2023-06-15,1.63
102900011032022,小皱皮(份),辣椒类,21:43:43.098,1.0,2.9,销售,否,2023-06-15,1.63
102900011032022,小皱皮(份),辣椒类,09:19:20.53,1.0,2.9,销售,否,2023-06-16,1.63
102900011032022,小皱皮(份),辣椒类,10:54:36.44,1.0,2.9,销售,否,2023-06-16,1.63
102900011032022,小皱皮(份),辣椒类,13:05:07.289,1.0,2.9,销售,否,2023-06-16,1.63
102900011032022,小皱皮(份),辣椒类,15:05:22.848,1.0,2.9,销售,否,2023-06-16,1.63
102900011032022,小皱皮(份),辣椒类,15:45:25.631,1.0,2.9,销售,否,2023-06-16,1.63
102900011032022,小皱皮(份),辣椒类,16:36:08.608,1.0,2.9,销售,否,2023-06-16,1.63
102900011032022,小皱皮(份),辣椒类,19:03:10.813,1.0,2.9,销售,否,2023-06-16,1.63
102900011032022,小皱皮(份),辣椒类,20:01:04.146,1.0,1.7,销售,是,2023-06-16,1.63
102900011032022,小皱皮(份),辣椒类,21:04:50.627,1.0,1.7,销售,是,2023-06-16,1.63
102900011032022,小皱皮(份),辣椒类,21:23:19.621,1.0,1.7,销售,是,2023-06-16,1.63
102900011032022,小皱皮(份),辣椒类,09:52:29.366,1.0,2.9,销售,否,2023-06-17,1.53
102900011032022,小皱皮(份),辣椒类,10:12:09.886,1.0,2.9,销售,否,2023-06-17,1.53
102900011032022,小皱皮(份),辣椒类,10:44:03.617,1.0,2.9,销售,否,2023-06-17,1.53
102900011032022,小皱皮(份),辣椒类,11:38:53.598,1.0,2.9,销售,否,2023-06-17,1.53
102900011032022,小皱皮(份),辣椒类,11:42:37.475,1.0,2.9,销售,否,2023-06-17,1.53
102900011032022,小皱皮(份),辣椒类,11:59:42.062,1.0,2.9,销售,否,2023-06-17,1.53
102900011032022,小皱皮(份),辣椒类,13:09:30.901,1.0,2.9,销售,否,2023-06-17,1.53
102900011032022,小皱皮(份),辣椒类,14:04:35.987,1.0,2.9,销售,否,2023-06-17,1.53
102900011032022,小皱皮(份),辣椒类,14:38:24.373,1.0,2.9,销售,否,2023-06-17,1.53
102900011032022,小皱皮(份),辣椒类,14:38:27.123,1.0,2.9,销售,否,2023-06-17,1.53
102900011032022,小皱皮(份),辣椒类,15:07:26.506,1.0,2.9,销售,否,2023-06-17,1.53
102900011032022,小皱皮(份),辣椒类,15:48:38.773,1.0,2.9,销售,否,2023-06-17,1.53
102900011032022,小皱皮(份),辣椒类,16:22:51.232,1.0,2.9,销售,否,2023-06-17,1.53
102900011032022,小皱皮(份),辣椒类,16:35:33.507,1.0,2.9,销售,否,2023-06-17,1.53
102900011032022,小皱皮(份),辣椒类,16:57:09.368,1.0,2.9,销售,否,2023-06-17,1.53
102900011032022,小皱皮(份),辣椒类,17:05:25.066,1.0,2.9,销售,否,2023-06-17,1.53
102900011032022,小皱皮(份),辣椒类,17:10:21.603,1.0,2.9,销售,否,2023-06-17,1.53
102900011032022,小皱皮(份),辣椒类,18:09:12.406,1.0,2.9,销售,否,2023-06-17,1.53
102900011032022,小皱皮(份),辣椒类,18:53:04.17,1.0,2.9,销售,否,2023-06-17,1.53
102900011032022,小皱皮(份),辣椒类,18:57:26.838,1.0,2.9,销售,否,2023-06-17,1.53
102900011032022,小皱皮(份),辣椒类,21:13:05.671,1.0,2.9,销售,否,2023-06-17,1.53
102900011032022,小皱皮(份),辣椒类,21:13:05.887,1.0,1.7,销售,是,2023-06-17,1.53
102900011032022,小皱皮(份),辣椒类,21:13:06.228,1.0,1.7,销售,是,2023-06-17,1.53
102900011032022,小皱皮(份),辣椒类,09:54:51.786,1.0,2.5,销售,否,2023-06-18,1.46
102900011032022,小皱皮(份),辣椒类,10:08:46.759,1.0,2.5,销售,否,2023-06-18,1.46
102900011032022,小皱皮(份),辣椒类,10:09:15.611,1.0,2.5,销售,否,2023-06-18,1.46
102900011032022,小皱皮(份),辣椒类,10:10:46.602,1.0,2.5,销售,否,2023-06-18,1.46
102900011032022,小皱皮(份),辣椒类,10:17:29.225,1.0,2.5,销售,否,2023-06-18,1.46
102900011032022,小皱皮(份),辣椒类,10:26:38.05,1.0,2.5,销售,否,2023-06-18,1.46
102900011032022,小皱皮(份),辣椒类,10:39:41.682,1.0,2.5,销售,否,2023-06-18,1.46
102900011032022,小皱皮(份),辣椒类,10:55:43.139,1.0,2.5,销售,否,2023-06-18,1.46
102900011032022,小皱皮(份),辣椒类,11:05:50.743,1.0,2.5,销售,否,2023-06-18,1.46
102900011032022,小皱皮(份),辣椒类,11:57:53.748,1.0,2.5,销售,否,2023-06-18,1.46
102900011032022,小皱皮(份),辣椒类,12:55:41.582,1.0,2.5,销售,否,2023-06-18,1.46
102900011032022,小皱皮(份),辣椒类,12:59:48.561,1.0,2.5,销售,否,2023-06-18,1.46
102900011032022,小皱皮(份),辣椒类,14:20:45.689,1.0,2.5,销售,否,2023-06-18,1.46
102900011032022,小皱皮(份),辣椒类,14:48:04.61,1.0,2.5,销售,否,2023-06-18,1.46
102900011032022,小皱皮(份),辣椒类,14:49:02.967,1.0,2.5,销售,否,2023-06-18,1.46
102900011032022,小皱皮(份),辣椒类,14:49:38.924,1.0,2.5,销售,否,2023-06-18,1.46
102900011032022,小皱皮(份),辣椒类,15:30:44.342,1.0,2.5,销售,否,2023-06-18,1.46
102900011032022,小皱皮(份),辣椒类,15:34:24.228,1.0,2.5,销售,否,2023-06-18,1.46
102900011032022,小皱皮(份),辣椒类,15:38:00.405,1.0,2.5,销售,否,2023-06-18,1.46
102900011032022,小皱皮(份),辣椒类,16:51:26.92,1.0,2.5,销售,否,2023-06-18,1.46
102900011032022,小皱皮(份),辣椒类,16:51:29.389,1.0,2.5,销售,否,2023-06-18,1.46
102900011032022,小皱皮(份),辣椒类,17:44:39.828,1.0,2.5,销售,否,2023-06-18,1.46
102900011032022,小皱皮(份),辣椒类,17:49:33.779,1.0,2.5,销售,否,2023-06-18,1.46
102900011032022,小皱皮(份),辣椒类,18:40:42.203,1.0,2.5,销售,否,2023-06-18,1.46
102900011032022,小皱皮(份),辣椒类,18:40:42.39,1.0,2.5,销售,否,2023-06-18,1.46
102900011032022,小皱皮(份),辣椒类,19:58:43.008,1.0,1.5,销售,是,2023-06-18,1.46
102900011032022,小皱皮(份),辣椒类,20:11:43.342,1.0,2.5,销售,否,2023-06-18,1.46
102900011032022,小皱皮(份),辣椒类,20:34:50.703,1.0,1.5,销售,是,2023-06-18,1.46
102900011032022,小皱皮(份),辣椒类,20:34:50.807,1.0,1.5,销售,是,2023-06-18,1.46
102900011032022,小皱皮(份),辣椒类,21:12:48.846,1.0,1.5,销售,是,2023-06-18,1.46
102900011032022,小皱皮(份),辣椒类,11:13:01.582,1.0,2.5,销售,否,2023-06-19,1.46
102900011032022,小皱皮(份),辣椒类,11:32:05.9,1.0,2.5,销售,否,2023-06-19,1.46
102900011032022,小皱皮(份),辣椒类,11:55:18.545,1.0,2.5,销售,否,2023-06-19,1.46
102900011032022,小皱皮(份),辣椒类,12:12:56.575,1.0,2.5,销售,否,2023-06-19,1.46
102900011032022,小皱皮(份),辣椒类,12:39:06.339,1.0,2.5,销售,否,2023-06-19,1.46
102900011032022,小皱皮(份),辣椒类,15:08:28.826,1.0,2.5,销售,否,2023-06-19,1.46
102900011032022,小皱皮(份),辣椒类,15:35:05.335,1.0,2.5,销售,否,2023-06-19,1.46
102900011032022,小皱皮(份),辣椒类,16:23:21.122,1.0,2.5,销售,否,2023-06-19,1.46
102900011032022,小皱皮(份),辣椒类,17:22:35.915,1.0,2.5,销售,否,2023-06-19,1.46
102900011032022,小皱皮(份),辣椒类,17:22:36.539,1.0,2.5,销售,否,2023-06-19,1.46
102900011032022,小皱皮(份),辣椒类,19:18:04.317,1.0,2.5,销售,否,2023-06-19,1.46
102900011032022,小皱皮(份),辣椒类,19:18:04.526,1.0,2.5,销售,否,2023-06-19,1.46
102900011032022,小皱皮(份),辣椒类,19:22:03.53,1.0,2.5,销售,否,2023-06-19,1.46
102900011032022,小皱皮(份),辣椒类,19:44:52.849,1.0,2.5,销售,否,2023-06-19,1.46
102900011032022,小皱皮(份),辣椒类,19:44:53.064,1.0,2.5,销售,否,2023-06-19,1.46
102900011032022,小皱皮(份),辣椒类,20:48:51.467,1.0,2.5,销售,是,2023-06-19,1.46
102900011032022,小皱皮(份),辣椒类,10:18:31.608,1.0,2.5,销售,否,2023-06-20,1.46
102900011032022,小皱皮(份),辣椒类,11:41:40.677,1.0,2.5,销售,否,2023-06-20,1.46
102900011032022,小皱皮(份),辣椒类,12:58:23.214,1.0,2.5,销售,否,2023-06-20,1.46
102900011032022,小皱皮(份),辣椒类,14:46:31.349,1.0,2.5,销售,否,2023-06-20,1.46
102900011032022,小皱皮(份),辣椒类,15:39:28.803,1.0,2.5,销售,否,2023-06-20,1.46
102900011032022,小皱皮(份),辣椒类,17:18:08.245,1.0,2.5,销售,否,2023-06-20,1.46
102900011032022,小皱皮(份),辣椒类,20:10:57.217,1.0,2.5,销售,是,2023-06-20,1.46
102900011032022,小皱皮(份),辣椒类,20:27:55.082,1.0,1.5,销售,是,2023-06-20,1.46
102900011032022,小皱皮(份),辣椒类,09:36:57.946,1.0,2.5,销售,否,2023-06-21,1.4
102900011032022,小皱皮(份),辣椒类,10:49:49.673,1.0,2.5,销售,否,2023-06-21,1.4
102900011032022,小皱皮(份),辣椒类,10:59:42.76,1.0,2.5,销售,否,2023-06-21,1.4
102900011032022,小皱皮(份),辣椒类,12:03:00.791,1.0,2.5,销售,否,2023-06-21,1.4
102900011032022,小皱皮(份),辣椒类,14:38:21.454,1.0,2.5,销售,否,2023-06-21,1.4
102900011032022,小皱皮(份),辣椒类,14:44:18.278,1.0,2.5,销售,否,2023-06-21,1.4
102900011032022,小皱皮(份),辣椒类,15:30:40.046,1.0,2.5,销售,否,2023-06-21,1.4
102900011032022,小皱皮(份),辣椒类,15:48:53.264,1.0,2.5,销售,否,2023-06-21,1.4
102900011032022,小皱皮(份),辣椒类,15:48:55.623,1.0,2.5,销售,否,2023-06-21,1.4
102900011032022,小皱皮(份),辣椒类,17:28:55.949,1.0,2.5,销售,否,2023-06-21,1.4
102900011032022,小皱皮(份),辣椒类,18:09:33.287,1.0,2.5,销售,否,2023-06-21,1.4
102900011032022,小皱皮(份),辣椒类,19:04:43.495,1.0,1.5,销售,是,2023-06-21,1.4
102900011032022,小皱皮(份),辣椒类,19:04:43.812,1.0,1.5,销售,是,2023-06-21,1.4
102900011032022,小皱皮(份),辣椒类,19:11:21.17,1.0,2.5,销售,否,2023-06-21,1.4
102900011032022,小皱皮(份),辣椒类,21:01:05.079,1.0,2.5,销售,否,2023-06-21,1.4
102900011032022,小皱皮(份),辣椒类,21:10:04.256,1.0,1.5,销售,是,2023-06-21,1.4
102900011032022,小皱皮(份),辣椒类,21:10:04.363,1.0,1.5,销售,是,2023-06-21,1.4
102900011032022,小皱皮(份),辣椒类,09:43:33.264,1.0,2.5,销售,否,2023-06-22,1.24
102900011032022,小皱皮(份),辣椒类,11:01:12.733,1.0,2.5,销售,否,2023-06-22,1.24
102900011032022,小皱皮(份),辣椒类,11:39:54.029,1.0,2.5,销售,否,2023-06-22,1.24
102900011032022,小皱皮(份),辣椒类,11:53:34.764,1.0,2.5,销售,否,2023-06-22,1.24
102900011032022,小皱皮(份),辣椒类,11:53:37.28,1.0,2.5,销售,否,2023-06-22,1.24
102900011032022,小皱皮(份),辣椒类,16:06:11.733,1.0,2.5,销售,否,2023-06-22,1.24
102900011032022,小皱皮(份),辣椒类,16:25:12.32,1.0,2.5,销售,否,2023-06-22,1.24
102900011032022,小皱皮(份),辣椒类,16:56:15,1.0,2.5,销售,否,2023-06-22,1.24
102900011032022,小皱皮(份),辣椒类,17:20:01.55,1.0,2.5,销售,否,2023-06-22,1.24
102900011032022,小皱皮(份),辣椒类,17:25:40.92,1.0,2.5,销售,否,2023-06-22,1.24
102900011032022,小皱皮(份),辣椒类,17:28:09.43,1.0,2.5,销售,否,2023-06-22,1.24
102900011032022,小皱皮(份),辣椒类,17:28:09.811,1.0,2.5,销售,否,2023-06-22,1.24
102900011032022,小皱皮(份),辣椒类,18:05:10.03,1.0,2.5,销售,否,2023-06-22,1.24
102900011032022,小皱皮(份),辣椒类,18:05:12.076,1.0,2.5,销售,否,2023-06-22,1.24
102900011032022,小皱皮(份),辣椒类,18:29:38.764,1.0,2.5,销售,否,2023-06-22,1.24
102900011032022,小皱皮(份),辣椒类,19:43:43.535,1.0,2.5,销售,否,2023-06-22,1.24
102900011032022,小皱皮(份),辣椒类,20:32:36.483,1.0,2.5,销售,是,2023-06-22,1.24
102900011032022,小皱皮(份),辣椒类,20:54:19.579,1.0,1.5,销售,是,2023-06-22,1.24
102900011032022,小皱皮(份),辣椒类,21:06:40.656,1.0,1.5,销售,是,2023-06-22,1.24
102900011032022,小皱皮(份),辣椒类,21:19:52.534,1.0,1.5,销售,是,2023-06-22,1.24
102900011032022,小皱皮(份),辣椒类,21:19:52.643,1.0,1.5,销售,是,2023-06-22,1.24
102900011032022,小皱皮(份),辣椒类,21:29:03.42,1.0,2.5,销售,是,2023-06-22,1.24
102900011032022,小皱皮(份),辣椒类,09:40:45.186,1.0,2.8,销售,否,2023-06-23,1.3
102900011032022,小皱皮(份),辣椒类,09:48:17.399,1.0,2.8,销售,否,2023-06-23,1.3
102900011032022,小皱皮(份),辣椒类,10:34:52.043,1.0,2.8,销售,否,2023-06-23,1.3
102900011032022,小皱皮(份),辣椒类,10:43:12.482,1.0,2.8,销售,否,2023-06-23,1.3
102900011032022,小皱皮(份),辣椒类,11:15:48.334,1.0,2.8,销售,否,2023-06-23,1.3
102900011032022,小皱皮(份),辣椒类,11:15:48.538,1.0,2.8,销售,否,2023-06-23,1.3
102900011032022,小皱皮(份),辣椒类,11:23:48.309,1.0,2.8,销售,否,2023-06-23,1.3
102900011032022,小皱皮(份),辣椒类,11:45:45.823,1.0,2.8,销售,否,2023-06-23,1.3
102900011032022,小皱皮(份),辣椒类,17:16:48.398,1.0,2.8,销售,否,2023-06-23,1.3
102900011032022,小皱皮(份),辣椒类,18:09:56.693,1.0,2.8,销售,否,2023-06-23,1.3
102900011032022,小皱皮(份),辣椒类,18:12:34.777,1.0,2.8,销售,否,2023-06-23,1.3
102900011032022,小皱皮(份),辣椒类,18:20:21.436,1.0,2.8,销售,否,2023-06-23,1.3
102900011032022,小皱皮(份),辣椒类,20:33:17.748,1.0,2.8,销售,是,2023-06-23,1.3
102900011032022,小皱皮(份),辣椒类,20:34:33.764,1.0,2.8,销售,否,2023-06-23,1.3
102900011032022,小皱皮(份),辣椒类,21:13:38.444,1.0,1.7,销售,是,2023-06-23,1.3
102900011032022,小皱皮(份),辣椒类,21:26:01.623,1.0,2.8,销售,是,2023-06-23,1.3
102900011032022,小皱皮(份),辣椒类,21:26:21.92,1.0,2.8,销售,是,2023-06-23,1.3
102900011032022,小皱皮(份),辣椒类,09:10:47.276,1.0,2.8,销售,否,2023-06-24,1.51
102900011032022,小皱皮(份),辣椒类,10:35:24.284,1.0,2.8,销售,否,2023-06-24,1.51
102900011032022,小皱皮(份),辣椒类,11:25:14.936,1.0,2.8,销售,是,2023-06-24,1.51
102900011032022,小皱皮(份),辣椒类,11:29:25.02,1.0,2.8,销售,否,2023-06-24,1.51
102900011032022,小皱皮(份),辣椒类,13:00:20.139,1.0,2.8,销售,否,2023-06-24,1.51
102900011032022,小皱皮(份),辣椒类,14:43:08.623,1.0,2.8,销售,否,2023-06-24,1.51
102900011032022,小皱皮(份),辣椒类,14:50:38.902,1.0,2.8,销售,否,2023-06-24,1.51
102900011032022,小皱皮(份),辣椒类,16:29:56.866,1.0,2.8,销售,否,2023-06-24,1.51
102900011032022,小皱皮(份),辣椒类,16:45:55.233,1.0,2.8,销售,否,2023-06-24,1.51
102900011032022,小皱皮(份),辣椒类,16:53:51.342,1.0,2.8,销售,否,2023-06-24,1.51
102900011032022,小皱皮(份),辣椒类,18:23:08.42,1.0,2.8,销售,否,2023-06-24,1.51
102900011032022,小皱皮(份),辣椒类,18:36:59.497,1.0,2.8,销售,否,2023-06-24,1.51
102900011032022,小皱皮(份),辣椒类,18:36:59.68,1.0,2.8,销售,否,2023-06-24,1.51
102900011032022,小皱皮(份),辣椒类,18:54:34.527,1.0,2.8,销售,否,2023-06-24,1.51
102900011032022,小皱皮(份),辣椒类,19:17:16.994,1.0,2.8,销售,否,2023-06-24,1.51
102900011032022,小皱皮(份),辣椒类,20:04:57.319,1.0,1.7,销售,是,2023-06-24,1.51
102900011032022,小皱皮(份),辣椒类,20:50:01.422,1.0,2.8,销售,否,2023-06-24,1.51
102900011032022,小皱皮(份),辣椒类,21:00:44.022,1.0,2.8,销售,否,2023-06-24,1.51
102900011032022,小皱皮(份),辣椒类,09:46:07.322,1.0,2.8,销售,否,2023-06-25,1.45
102900011032022,小皱皮(份),辣椒类,10:14:08.349,1.0,2.8,销售,否,2023-06-25,1.45
102900011032022,小皱皮(份),辣椒类,10:37:21.778,1.0,2.8,销售,否,2023-06-25,1.45
102900011032022,小皱皮(份),辣椒类,11:19:55.775,1.0,2.8,销售,否,2023-06-25,1.45
102900011032022,小皱皮(份),辣椒类,11:19:56.987,1.0,2.8,销售,否,2023-06-25,1.45
102900011032022,小皱皮(份),辣椒类,15:36:58.28,1.0,2.8,销售,否,2023-06-25,1.45
102900011032022,小皱皮(份),辣椒类,17:13:18.17,1.0,2.8,销售,否,2023-06-25,1.45
102900011032022,小皱皮(份),辣椒类,20:44:44.963,1.0,1.7,销售,是,2023-06-25,1.45
102900011032022,小皱皮(份),辣椒类,21:27:33.845,1.0,1.7,销售,是,2023-06-25,1.45
102900011032022,小皱皮(份),辣椒类,09:31:06.064,1.0,2.8,销售,否,2023-06-26,1.43
102900011032022,小皱皮(份),辣椒类,09:40:38.498,1.0,2.8,销售,否,2023-06-26,1.43
102900011032022,小皱皮(份),辣椒类,09:40:39.498,1.0,2.8,销售,否,2023-06-26,1.43
102900011032022,小皱皮(份),辣椒类,10:32:38.348,1.0,2.8,销售,否,2023-06-26,1.43
102900011032022,小皱皮(份),辣椒类,15:03:55.838,1.0,2.8,销售,否,2023-06-26,1.43
102900011032022,小皱皮(份),辣椒类,17:34:23.475,1.0,2.8,销售,否,2023-06-26,1.43
102900011032022,小皱皮(份),辣椒类,17:34:31.557,1.0,2.8,销售,否,2023-06-26,1.43
102900011032022,小皱皮(份),辣椒类,18:24:28.31,1.0,2.8,销售,否,2023-06-26,1.43
102900011032022,小皱皮(份),辣椒类,18:24:38.99,1.0,2.8,销售,否,2023-06-26,1.43
102900011032022,小皱皮(份),辣椒类,18:48:44.686,1.0,2.8,销售,否,2023-06-26,1.43
102900011032022,小皱皮(份),辣椒类,19:02:21.405,1.0,2.8,销售,否,2023-06-26,1.43
102900011032022,小皱皮(份),辣椒类,19:33:13.017,1.0,2.8,销售,否,2023-06-26,1.43
102900011032022,小皱皮(份),辣椒类,20:01:31.436,1.0,2.8,销售,是,2023-06-26,1.43
102900011032022,小皱皮(份),辣椒类,21:23:23.748,1.0,2.8,销售,否,2023-06-26,1.43
102900011032022,小皱皮(份),辣椒类,21:47:03.553,1.0,2.8,销售,否,2023-06-26,1.43
102900011032022,小皱皮(份),辣椒类,11:26:07.369,1.0,2.8,销售,否,2023-06-27,1.43
102900011032022,小皱皮(份),辣椒类,17:05:43.87,1.0,2.8,销售,否,2023-06-27,1.43
102900011032022,小皱皮(份),辣椒类,17:39:17.336,1.0,2.8,销售,否,2023-06-27,1.43
102900011032022,小皱皮(份),辣椒类,18:07:02.306,1.0,2.8,销售,否,2023-06-27,1.43
102900011032022,小皱皮(份),辣椒类,20:52:10.895,1.0,1.7,销售,是,2023-06-27,1.43
102900011032022,小皱皮(份),辣椒类,20:52:11.004,1.0,1.7,销售,是,2023-06-27,1.43
102900011032022,小皱皮(份),辣椒类,09:39:23.414,1.0,2.8,销售,否,2023-06-28,1.21
102900011032022,小皱皮(份),辣椒类,10:18:17.126,1.0,2.8,销售,否,2023-06-28,1.21
102900011032022,小皱皮(份),辣椒类,16:53:55.994,1.0,1.4,销售,是,2023-06-28,1.21
102900011032022,小皱皮(份),辣椒类,16:53:56.099,1.0,1.4,销售,是,2023-06-28,1.21
102900011032022,小皱皮(份),辣椒类,17:33:28.834,1.0,1.4,销售,是,2023-06-28,1.21
102900011032022,小皱皮(份),辣椒类,17:33:28.933,1.0,1.4,销售,是,2023-06-28,1.21
102900011032022,小皱皮(份),辣椒类,17:55:43.816,1.0,2.8,销售,否,2023-06-28,1.21
102900011032022,小皱皮(份),辣椒类,17:55:44.011,1.0,2.8,销售,否,2023-06-28,1.21
102900011032022,小皱皮(份),辣椒类,19:55:39.311,1.0,2.8,销售,否,2023-06-28,1.21
102900011032022,小皱皮(份),辣椒类,20:40:36.63,1.0,1.7,销售,是,2023-06-28,1.21
102900011032022,小皱皮(份),辣椒类,20:40:36.735,1.0,1.7,销售,是,2023-06-28,1.21
102900011032022,小皱皮(份),辣椒类,21:07:00.48,1.0,1.4,销售,是,2023-06-28,1.21
102900011032022,小皱皮(份),辣椒类,21:16:14.451,1.0,2.8,销售,否,2023-06-28,1.21
102900011032022,小皱皮(份),辣椒类,09:31:01.843,1.0,2.8,销售,否,2023-06-29,1.67
102900011032022,小皱皮(份),辣椒类,11:42:44.561,1.0,2.8,销售,否,2023-06-29,1.67
102900011032022,小皱皮(份),辣椒类,16:34:11.419,1.0,2.8,销售,否,2023-06-29,1.67
102900011032022,小皱皮(份),辣椒类,16:34:11.606,1.0,2.8,销售,否,2023-06-29,1.67
102900011032022,小皱皮(份),辣椒类,16:54:52.807,1.0,2.8,销售,否,2023-06-29,1.67
102900011032022,小皱皮(份),辣椒类,18:22:59.18,1.0,2.8,销售,否,2023-06-29,1.67
102900011032022,小皱皮(份),辣椒类,20:21:12.59,1.0,1.7,销售,是,2023-06-29,1.67
102900011032022,小皱皮(份),辣椒类,21:11:26.748,1.0,2.8,销售,否,2023-06-29,1.67
102900011032022,小皱皮(份),辣椒类,09:41:34.592,1.0,2.8,销售,否,2023-06-30,2.1
102900011032022,小皱皮(份),辣椒类,09:44:58.717,1.0,2.8,销售,否,2023-06-30,2.1
102900011032022,小皱皮(份),辣椒类,10:44:30.382,1.0,2.8,销售,否,2023-06-30,2.1
102900011032022,小皱皮(份),辣椒类,11:02:58.691,1.0,2.8,销售,否,2023-06-30,2.1
102900011032022,小皱皮(份),辣椒类,16:01:08.479,1.0,2.8,销售,否,2023-06-30,2.1
102900011032022,小皱皮(份),辣椒类,16:50:43.882,1.0,2.8,销售,否,2023-06-30,2.1
102900011032022,小皱皮(份),辣椒类,18:40:26.826,1.0,2.8,销售,否,2023-06-30,2.1
102900011032022,小皱皮(份),辣椒类,18:59:21.828,1.0,2.8,销售,否,2023-06-30,2.1
102900011032022,小皱皮(份),辣椒类,20:45:59.854,1.0,1.7,销售,是,2023-06-30,2.1
102900011032022,小皱皮(份),辣椒类,21:22:44.078,1.0,2.8,销售,否,2023-06-30,2.1
